0 0.07578125 0.0703125 0.0296875 0.04140625
0 0.11015625 0.0484375 0.05 0.07421875
1 0.16875 0.140625 0.0609375 0.09765625
1 0.175 0.0703125 0.04921875 0.05
1 0.19609375 0.02734375 0.0671875 0.0546875
1 0.29765625 0.0390625 0.0390625 0.078125
1 0.02578125 0.2640625 0.0515625 0.07578125
1 0.0875 0.221875 0.02734375 0.03203125
1 0.14375 0.30546875 0.08984375 0.096875
1 0.19765625 0.21328125 0.05 0.0453125
1 0.2234375 0.1640625 0.034375 0.05859375
1 0.125 0.54453125 0.084375 0.18671875
1 0.18125 0.478125 0.05390625 0.07578125
1 0.2453125 0.43046875 0.06171875 0.0609375
0 0.06328125 0.45 0.05859375 0.06875
1 0.1796875 0.4015625 0.0546875 0.05703125
1 0.225 0.38828125 0.04765625 0.06640625
1 0.33984375 0.43125 0.09375 0.0984375
1 0.33125 0.36875 0.04609375 0.04921875
0 0.41328125 0.3703125 0.06171875 0.05234375
1 0.3359375 0.2875 0.05546875 0.07890625
0 0.44765625 0.31484375 0.04609375 0.04921875
1 0.565625 0.2609375 0.07734375 0.0828125
0 0.175 0.678125 0.05546875 0.06953125
1 0.2390625 0.5890625 0.03125 0.05703125
1 0.29375 0.58125 0.06484375 0.07734375
1 0.29921875 0.5 0.053125 0.05703125
1 0.28125 0.6640625 0.06171875 0.0828125
1 0.45625 0.65625 0.0640625 0.10234375
1 0.628125 0.4953125 0.06328125 0.0703125
0 0.659375 0.153125 0.0765625 0.06875
1 0.64453125 0.0546875 0.06015625 0.059375
1 0.70234375 0.03046875 0.05078125 0.0421875
1 0.4734375 0.17109375 0.06640625 0.06875
1 0.515625 0.1421875 0.0390625 0.05546875
0 0.03125 0.0390625 0.03984375 0.0546875
0 0.07265625 0.01953125 0.05 0.0390625
1 0.3546875 0.09453125 0.05703125 0.071875
1 0.35703125 0.03203125 0.0484375 0.0640625
1 0.46171875 0.10234375 0.046875 0.06015625
1 0.42578125 0.02578125 0.0609375 0.0515625
0 0.91953125 0.1515625 0.0484375 0.05703125
0 0.70625 0.22578125 0.0640625 0.0984375
0 0.7328125 0.14375 0.071875 0.08515625
0 0.80859375 0.21171875 0.0890625 0.09140625
1 0.3890625 0.53203125 0.0671875 0.0859375
1 0.475 0.49453125 0.065625 0.1
1 0.25234375 0.29921875 0.03984375 0.04453125
1 0.3875 0.60625 0.05546875 0.06328125
0 0.88671875 0.5421875 0.05 0.06171875
0 0.95859375 0.52578125 0.0671875 0.0734375
1 0.671875 0.42421875 0.05234375 0.0625
1 0.7328125 0.4171875 0.05859375 0.06953125
0 0.76875 0.346875 0.04609375 0.05390625
0 0.03359375 0.82890625 0.05703125 0.08125
0 0.12890625 0.94296875 0.065625 0.06796875
0 0.2328125 0.859375 0.04453125 0.05703125
1 0.2703125 0.95546875 0.04765625 0.0796875
0 0.8984375 0.83828125 0.0453125 0.05546875
0 0.94765625 0.834375 0.04609375 0.07421875
0 0.06171875 0.6546875 0.078125 0.07265625
1 0.28203125 0.23671875 0.059375 0.1015625