1 0.33125 0.475 0.05390625 0.1046875
1 0.46328125 0.08125 0.06875 0.0984375
1 0.4296875 0.01953125 0.03671875 0.0390625
0 0.03046875 0.62734375 0.0609375 0.0796875
1 0.10703125 0.584375 0.065625 0.09609375
1 0.13046875 0.509375 0.0546875 0.075
0 0.5484375 0.11640625 0.05546875 0.0671875
1 0.553125 0.03125 0.05625 0.0625
1 0.0265625 0.4046875 0.05234375 0.090625
1 0.0234375 0.29609375 0.046875 0.0671875
1 0.009375 0.19765625 0.01875 0.059375
1 0.06875 0.35546875 0.05234375 0.08984375
0 0.0921875 0.4421875 0.0359375 0.06640625
1 0.1109375 0.3890625 0.03359375 0.03671875
1 0.7921875 0.02578125 0.0921875 0.0515625
0 0.76953125 0.18515625 0.0609375 0.0390625
1 0.8375 0.10234375 0.03671875 0.05625
0 0.37734375 0.76328125 0.053125 0.0703125
1 0.36484375 0.703125 0.08203125 0.0875
1 0.0453125 0.79296875 0.071875 0.0859375
1 0.2234375 0.7515625 0.07578125 0.0609375
0 0.4953125 0.92578125 0.06015625 0.06953125
0 0.59765625 0.94921875 0.065625 0.0984375
1 0.57578125 0.865625 0.0390625 0.0515625
0 0.86328125 0.490625 0.06953125 0.1140625
0 0.8375 0.3921875 0.05 0.07890625
1 0.921875 0.384375 0.05703125 0.08125
0 0.42890625 0.3859375 0.07578125 0.075
0 0.421875 0.3171875 0.03984375 0.05859375
0 0.36875 0.61953125 0.03515625 0.08203125
0 0.428125 0.6171875 0.04765625 0.08125
0 0.46640625 0.540625 0.08359375 0.07578125
0 0.496875 0.4609375 0.06484375 0.0859375
0 0.390625 0.1828125 0.04453125 0.07421875
0 0.50625 0.184375 0.08828125 0.09140625
0 0.4828125 0.34765625 0.06796875 0.065625
0 0.63203125 0.09609375 0.05859375 0.07578125
0 0.61328125 0.03046875 0.04296875 0.0609375
0 0.0953125 0.68828125 0.046875 0.08125
0 0.40703125 0.88359375 0.05859375 0.11484375
0 0.4265625 0.77578125 0.0484375 0.0953125
0 0.46953125 0.696875 0.05390625 0.08515625
1 0.48515625 0.82265625 0.0625 0.07734375
1 0.53515625 0.7734375 0.03359375 0.06015625
0 0.54375 0.7109375 0.05546875 0.06015625
0 0.559375 0.65078125 0.0640625 0.09140625
0 0.64140625 0.825 0.071875 0.090625
0 0.63671875 0.721875 0.0765625 0.08984375
0 0.1046875 0.2953125 0.0484375 0.059375
0 0.89375 0.3125 0.0671875 0.0484375
0 0.75859375 0.3546875 0.04765625 0.0390625
0 0.62421875 0.2078125 0.05546875 0.0796875