0 0.37734375 0.375 0.06171875 0.05703125
1 0.4328125 0.3265625 0.05703125 0.08984375
0 0.11640625 0.453125 0.06640625 0.10546875
1 0.2328125 0.4015625 0.040625 0.075
1 0.2765625 0.44296875 0.078125 0.05
1 0.2890625 0.39375 0.06328125 0.07265625
0 0.21640625 0.3234375 0.034375 0.053125
1 0.2671875 0.33046875 0.04296875 0.07109375
1 0.30703125 0.32265625 0.0375 0.059375
0 0.39921875 0.95234375 0.09296875 0.0953125
0 0.440625 0.84375 0.03203125 0.0484375
1 0.48984375 0.8078125 0.03671875 0.0609375
0 0.4453125 0.78359375 0.040625 0.03984375
1 0.54609375 0.70234375 0.06015625 0.07421875
0 0.53984375 0.978125 0.0515625 0.040625
1 0.60859375 0.89375 0.05625 0.0671875
1 0.16875 0.96953125 0.0625 0.0609375
0 0.053125 0.97890625 0.078125 0.0421875
0 0.07734375 0.93515625 0.0296875 0.04375
1 0.15859375 0.89609375 0.05703125 0.0546875
0 0.09296875 0.73203125 0.03359375 0.04765625
1 0.19453125 0.646875 0.03515625 0.06484375
1 0.44375 0.47734375 0.046875 0.07421875
1 0.221875 0.5578125 0.04453125 0.0703125
0 0.3125 0.51015625 0.05234375 0.0375
1 0.29453125 0.48203125 0.034375 0.0296875
1 0.32265625 0.59765625 0.0421875 0.0296875
0 0.03046875 0.16484375 0.0515625 0.07421875
0 0.13515625 0.065625 0.078125 0.0546875
0 0.0609375 0.32265625 0.0546875 0.04140625
0 0.13203125 0.3609375 0.04921875 0.05078125
0 0.17265625 0.30625 0.05 0.0625
0 0.2828125 0.07890625 0.07265625 0.071875
0 0.67109375 0.040625 0.05625 0.0578125
0 0.4265625 0.6546875 0.05703125 0.0546875
0 0.4015625 0.59921875 0.0484375 0.05546875
0 0.8359375 0.4421875 0.0375 0.06640625
0 0.8375 0.171875 0.040625 0.0484375
0 0.878125 0.17265625 0.05390625 0.03671875
0 0.94453125 0.13828125 0.03515625 0.06640625
0 0.63515625 0.5578125 0.0640625 0.09609375
0 0.690625 0.54921875 0.028125 0.04453125
0 0.63671875 0.7953125 0.071875 0.0671875
0 0.6703125 0.753125 0.0859375 0.0984375
0 0.73671875 0.7484375 0.053125 0.08125
0 0.97109375 0.56875 0.0578125 0.07421875
0 0.03125 0.6984375 0.03984375 0.07890625
0 0.21640625 0.7953125 0.04375 0.0453125
0 0.1953125 0.74765625 0.03671875 0.04375
0 0.2453125 0.95625 0.0515625 0.04140625
0 0.2890625 0.946875 0.028125 0.03984375
0 0.2109375 0.91484375 0.01953125 0.02890625
0 0.2921875 0.903125 0.053125 0.05546875
0 0.6609375 0.9125 0.040625 0.046875
0 0.86796875 0.79453125 0.04765625 0.03984375