1 0.03984375 0.95078125 0.0796875 0.09765625
1 0.13046875 0.91953125 0.06796875 0.1015625
1 0.15703125 0.8390625 0.05 0.05625
1 0.3203125 0.8671875 0.0859375 0.0734375
1 0.55546875 0.80390625 0.09296875 0.14296875
1 0.36875 0.95390625 0.0625 0.08515625
1 0.43515625 0.91484375 0.0484375 0.09296875
1 0.33125 0.62734375 0.07734375 0.04765625
1 0.4125 0.675 0.06953125 0.06328125
1 0.42265625 0.20625 0.04921875 0.0625
1 0.5734375 0.0828125 0.06953125 0.10625
1 0.6078125 0.0171875 0.1296875 0.03359375
1 0.61875 0.20390625 0.07109375 0.08125
1 0.521875 0.27578125 0.128125 0.090625
1 0.7625 0.4265625 0.0734375 0.103125
0 0.53046875 0.51875 0.0609375 0.0859375
1 0.55703125 0.421875 0.05546875 0.03828125
1 0.7359375 0.77265625 0.0421875 0.0796875
1 0.778125 0.8734375 0.04609375 0.08515625
1 0.84921875 0.96015625 0.08203125 0.0796875
1 0.29375 0.07578125 0.05546875 0.075
1 0.0359375 0.23828125 0.06171875 0.096875
1 0.021875 0.1484375 0.04296875 0.1125
1 0.0453125 0.01796875 0.090625 0.0359375
1 0.1078125 0.22265625 0.103125 0.09609375
0 0.39296875 0.1171875 0.04765625 0.0859375
1 0.259375 0.9734375 0.0671875 0.053125
1 0.940625 0.3421875 0.059375 0.09453125