1 0.0421875 0.125 0.084375 0.09375
1 0.028125 0.05 0.05625 0.1
1 0.10546875 0.07421875 0.08046875 0.134375
1 0.0234375 0.321875 0.046875 0.078125
0 0.271875 0.1953125 0.07890625 0.11328125
1 0.3015625 0.08203125 0.09296875 0.096875
1 0.3421875 0.0421875 0.06796875 0.084375
1 0.59375 0.153125 0.05703125 0.090625
1 0.64765625 0.103125 0.1109375 0.14375
1 0.69921875 0.02109375 0.0515625 0.0421875
1 0.1390625 0.89375 0.06796875 0.134375
1 0.22265625 0.82265625 0.078125 0.1125
1 0.41328125 0.8484375 0.0359375 0.103125
1 0.48125 0.78125 0.05078125 0.07421875
1 0.1296875 0.75703125 0.0671875 0.07578125
0 0.2046875 0.98125 0.05625 0.0375
1 0.29453125 0.928125 0.07421875 0.0734375
1 0.3953125 0.9484375 0.08125 0.103125
1 0.5109375 0.6609375 0.0796875 0.08515625
1 0.9640625 0.35625 0.071875 0.075
1 0.4484375 0.47265625 0.065625 0.0875
0 0.45546875 0.62734375 0.03515625 0.08828125
0 0.48359375 0.55234375 0.06484375 0.06328125
1 0.51171875 0.4828125 0.071875 0.07734375
0 0.07890625 0.2375 0.05390625 0.05
0 0.15390625 0.20625 0.0796875 0.08515625
0 0.115625 0.55546875 0.0609375 0.0609375
0 0.10078125 0.484375 0.05390625 0.04296875
0 0.14921875 0.50234375 0.05703125 0.0390625
0 0.19453125 0.4328125 0.04921875 0.0703125
0 0.19765625 0.60078125 0.06796875 0.08046875
0 0.24140625 0.29453125 0.07578125 0.04375
1 0.409375 0.10234375 0.090625 0.0734375
1 0.19765625 0.7015625 0.07265625 0.05
0 0.3046875 0.7 0.0765625 0.06796875
0 0.27265625 0.6375 0.0484375 0.04609375
0 0.35859375 0.6640625 0.0609375 0.06796875
0 0.46015625 0.88359375 0.05390625 0.06484375
0 0.5234375 0.85625 0.06796875 0.090625
1 0.59296875 0.734375 0.07421875 0.11015625
0 0.9 0.4890625 0.09296875 0.1109375
0 0.76875 0.88671875 0.06875 0.08046875