1 0.0609375 0.0875 0.121875 0.175
1 0.1390625 0.21328125 0.0234375 0.0453125
0 0.234375 0.1453125 0.075 0.11015625
1 0.32265625 0.05078125 0.0640625 0.1015625
1 0.3484375 0.10546875 0.04453125 0.05390625
1 0.35390625 0.20625 0.0375 0.04140625
1 0.56640625 0.1 0.0875 0.11015625
1 0.5578125 0.015625 0.0625 0.03125
1 0.6484375 0.18828125 0.05546875 0.15625
1 0.634375 0.08671875 0.0625 0.06953125
1 0.65078125 0.03125 0.06875 0.0625
1 0.69375 0.17109375 0.0609375 0.12265625
1 0.68828125 0.08046875 0.05390625 0.075
1 0.82890625 0.2359375 0.07265625 0.11796875
1 0.8703125 0.12734375 0.09296875 0.08828125
1 0.8953125 0.0390625 0.08125 0.078125
1 0.9421875 0.50390625 0.07109375 0.0921875
1 0.91953125 0.38671875 0.0921875 0.08046875
1 0.90859375 0.28125 0.10234375 0.14609375
1 0.928125 0.1875 0.09609375 0.075
1 0.159375 0.5578125 0.06875 0.084375
0 0.07265625 0.50234375 0.0375 0.0390625
0 0.1296875 0.4859375 0.04453125 0.06875
1 0.1859375 0.4609375 0.0546875 0.09609375
1 0.2328125 0.478125 0.05390625 0.06640625
1 0.240625 0.41015625 0.04296875 0.065625
1 0.31171875 0.49375 0.08203125 0.0984375
1 0.29609375 0.4140625 0.06015625 0.06484375
1 0.0578125 0.5671875 0.0875 0.084375
1 0.2484375 0.58203125 0.06640625 0.1046875
1 0.9796875 0.76484375 0.040625 0.1078125
1 0.796875 0.7984375 0.04453125 0.06484375
1 0.74453125 0.8984375 0.0640625 0.06015625
1 0.80859375 0.9390625 0.071875 0.090625
1 0.84453125 0.86015625 0.06328125 0.08046875
1 0.9 0.96171875 0.05703125 0.065625
1 0.96953125 0.96015625 0.0609375 0.0765625
0 0.2359375 0.88125 0.046875 0.0796875
0 0.3234375 0.82109375 0.03359375 0.10078125
0 0.25 0.8 0.0703125 0.071875
0 0.3640625 0.81484375 0.05234375 0.0625
1 0.403125 0.759375 0.0328125 0.053125
1 0.2609375 0.97109375 0.078125 0.0578125
1 0.28828125 0.97421875 0.04453125 0.05078125
1 0.2984375 0.90078125 0.05625 0.05546875
1 0.359375 0.8796875 0.08046875 0.0625
1 0.4375 0.95859375 0.084375 0.08203125
1 0.04296875 0.82734375 0.08125 0.153125
1 0.04609375 0.9328125 0.05078125 0.00703125
0 0.94375 0.6765625 0.06171875 0.08984375
0 0.2078125 0.74921875 0.05703125 0.06953125
0 0.39296875 0.5625 0.06171875 0.075
0 0.403125 0.26640625 0.0421875 0.0765625
0 0.440625 0.06171875 0.0953125 0.10859375