1 0.0421875 0.08515625 0.075 0.16953125
1 0.1046875 0.14453125 0.06484375 0.1046875
1 0.23359375 0.134375 0.05625 0.0671875
0 0.2953125 0.128125 0.05390625 0.0984375
0 0.2484375 0.0453125 0.0765625 0.06328125
1 0.3234375 0.0421875 0.07421875 0.084375
1 0.3453125 0.1109375 0.0375 0.0328125
1 0.54375 0.09453125 0.06875 0.09375
0 0.46484375 0.0625 0.05390625 0.09296875
1 0.5703125 0.02578125 0.040625 0.0515625
0 0.14140625 0.48359375 0.05859375 0.06484375
1 0.1578125 0.3921875 0.0375 0.04140625
1 0.0625 0.5578125 0.07421875 0.07421875
1 0.165625 0.55078125 0.075 0.0875
1 0.1953125 0.45625 0.05078125 0.103125
1 0.25546875 0.5671875 0.07265625 0.10625
1 0.23984375 0.4609375 0.040625 0.06796875
1 0.2328125 0.396875 0.04453125 0.03828125
1 0.309375 0.49453125 0.08671875 0.1
1 0.30546875 0.415625 0.05625 0.05859375
1 0.64453125 0.2078125 0.05625 0.1203125
1 0.6328125 0.13125 0.05078125 0.04765625
1 0.621875 0.0859375 0.059375 0.06015625
1 0.64140625 0.03515625 0.05859375 0.0609375
1 0.6875 0.1859375 0.0625 0.125
1 0.67734375 0.08515625 0.05859375 0.07578125
1 0.82578125 0.22265625 0.075 0.1265625
1 0.865625 0.12265625 0.0921875 0.08359375
1 0.89296875 0.0265625 0.0828125 0.053125
1 0.90703125 0.375 0.103125 0.10703125
1 0.8859375 0.31171875 0.1015625 0.0734375
1 0.90703125 0.2546875 0.1203125 0.08828125
1 0.921875 0.19296875 0.09375 0.06796875
1 0.94375 0.51328125 0.0921875 0.10234375
1 0.24140625 0.97421875 0.04453125 0.05078125
1 0.28984375 0.971875 0.0546875 0.05625
1 0.30625 0.89765625 0.07578125 0.08046875
1 0.3640625 0.8578125 0.06640625 0.0671875
1 0.3109375 0.80703125 0.05859375 0.090625
1 0.4 0.75859375 0.040625 0.0515625
1 0.03046875 0.8359375 0.05546875 0.12578125
1 0.04921875 0.7828125 0.07109375 0.0703125
1 0.06640625 0.840625 0.0515625 0.0953125
1 0.05625 0.95078125 0.103125 0.09765625
1 0.13828125 0.95390625 0.0578125 0.0859375
1 0.415625 0.98125 0.0890625 0.0375
1 0.434375 0.9359375 0.08671875 0.05
1 0.97890625 0.746875 0.0421875 0.1
1 0.740625 0.878125 0.08203125 0.0765625
1 0.79453125 0.77890625 0.05234375 0.0890625
1 0.81171875 0.93046875 0.078125 0.12265625
1 0.846875 0.8546875 0.05859375 0.09765625
1 0.89765625 0.95859375 0.07109375 0.08203125
1 0.965625 0.9484375 0.06875 0.103125
0 0.0515625 0.2859375 0.103125 0.103125
0 0.38984375 0.25546875 0.046875 0.06796875
0 0.396875 0.47578125 0.04375 0.07109375
0 0.41875 0.4015625 0.06484375 0.065625
0 0.509375 0.33359375 0.10234375 0.09453125
0 0.4609375 0.203125 0.07265625 0.06953125
0 0.059375 0.503125 0.05546875 0.0546875
0 0.24296875 0.86484375 0.05234375 0.07734375
0 0.24140625 0.78203125 0.07578125 0.08984375
0 0.209375 0.73671875 0.0515625 0.08046875
1 0.19375 0.8890625 0.046875 0.04453125
0 0.4734375 0.47265625 0.09375 0.08359375
0 0.5453125 0.49765625 0.04453125 0.06953125
1 0.940625 0.6796875 0.08515625 0.0953125