1 0.0625 0.07734375 0.0625 0.1546875
1 0.690625 0.04375 0.06796875 0.0875
1 0.74765625 0.16171875 0.05703125 0.0765625
1 0.7484375 0.08828125 0.05859375 0.08125
0 0.5328125 0.09921875 0.05546875 0.059375
1 0.565625 0.12578125 0.02421875 0.04921875
1 0.928125 0.44609375 0.06015625 0.03359375
1 0.909375 0.40390625 0.03671875 0.04296875
1 0.95390625 0.3515625 0.03671875 0.06875
1 0.36484375 0.6265625 0.05859375 0.11875
0 0.28515625 0.6 0.03828125 0.06484375
0 0.325 0.53046875 0.03359375 0.06875
1 0.378125 0.503125 0.06796875 0.0625
1 0.35390625 0.425 0.0375 0.03203125
1 0.3828125 0.4453125 0.046875 0.05546875
0 0.40546875 0.40390625 0.04140625 0.053125
1 0.45703125 0.4140625 0.05234375 0.08671875
1 0.4765625 0.3390625 0.06796875 0.065625
1 0.46875 0.27421875 0.05703125 0.0515625
1 0.5703125 0.2640625 0.09453125 0.09375
1 0.58515625 0.5 0.03984375 0.05703125
1 0.6234375 0.44140625 0.0546875 0.11796875
1 0.7515625 0.6421875 0.0640625 0.06953125
1 0.67421875 0.34921875 0.075 0.08125
1 0.44296875 0.5578125 0.090625 0.0703125
0 0.3078125 0.84140625 0.075 0.07109375
1 0.3765625 0.78515625 0.14140625 0.12734375
1 0.4765625 0.88125 0.0734375 0.0703125
1 0.5203125 0.8078125 0.05390625 0.05625
1 0.8609375 0.95625 0.075 0.0875
0 0.30234375 0.10078125 0.05859375 0.08046875
0 0.3875 0.18203125 0.0515625 0.06875
0 0.14140625 0.16875 0.040625 0.0734375
0 0.18671875 0.15078125 0.06875 0.0734375
0 0.02734375 0.634375 0.0546875 0.1109375
0 0.1859375 0.646875 0.04921875 0.06484375
0 0.0359375 0.834375 0.05859375 0.0703125
0 0.20625 0.9609375 0.06796875 0.04609375
0 0.2140625 0.92109375 0.078125 0.0375
0 0.26328125 0.971875 0.0453125 0.05625
0 0.48125 0.97109375 0.07265625 0.0578125
0 0.6046875 0.93359375 0.07890625 0.06640625
0 0.6453125 0.87890625 0.05390625 0.0828125
0 0.7390625 0.81875 0.053125 0.0703125
0 0.79140625 0.7578125 0.04140625 0.0859375
0 0.71640625 0.26796875 0.065625 0.0609375
0 0.89296875 0.115625 0.05234375 0.09140625
0 0.3796875 0.03671875 0.0671875 0.06328125
0 0.89453125 0.03203125 0.05625 0.0640625
0 0.98359375 0.09375 0.0328125 0.115625
0 0.971875 0.4921875 0.05625 0.046875
1 0.98515625 0.390625 0.0296875 0.071875
1 0.62578125 0.98515625 0.0703125 0.0296875
0 0.9046875 0.7296875 0.07578125 0.0921875
0 0.93828125 0.8234375 0.06796875 0.10078125