1 0.0609375 0.6375 0.090625 0.1
1 0.225 0.38125 0.07421875 0.1015625
1 0.509375 0.09765625 0.05859375 0.0875
0 0.03125 0.39140625 0.0625 0.125
0 0.0328125 0.32109375 0.065625 0.0671875
0 0.015625 0.2515625 0.03046875 0.0734375
0 0.02109375 0.1875 0.040625 0.0515625
1 0.0984375 0.1328125 0.08046875 0.09140625
1 0.12890625 0.35078125 0.06953125 0.0484375
0 0.36171875 0.76328125 0.06640625 0.084375
1 0.41875 0.66796875 0.1046875 0.10234375
0 0.040625 0.78828125 0.06640625 0.08828125
0 0.08046875 0.7171875 0.0578125 0.08046875
0 0.15 0.72265625 0.05 0.10078125
0 0.234375 0.71328125 0.05703125 0.0453125
0 0.2328125 0.62265625 0.05859375 0.06171875
0 0.2875 0.5953125 0.078125 0.10390625
0 0.34765625 0.553125 0.0515625 0.09609375
1 0.4375 0.571875 0.05703125 0.09375
1 0.51796875 0.4859375 0.075 0.0875
0 0.45546875 0.409375 0.075 0.08984375
1 0.5328125 0.425 0.0515625 0.04140625
0 0.48203125 0.634375 0.05234375 0.08515625
0 0.53203125 0.64296875 0.04140625 0.06171875
0 0.5734375 0.6359375 0.0484375 0.0875
1 0.559375 0.5625 0.06015625 0.0625
1 0.58125 0.48359375 0.0546875 0.08203125
1 0.5125 0.36796875 0.0921875 0.08359375
1 0.8921875 0.62109375 0.11875 0.10703125
1 0.93359375 0.80390625 0.05390625 0.06640625
0 0.884375 0.94609375 0.06875 0.1078125
1 0.98125 0.93046875 0.0375 0.07421875
0 0.1453125 0.840625 0.04921875 0.09453125
1 0.1890625 0.88203125 0.0609375 0.10703125
1 0.24453125 0.871875 0.01875 0.0375
1 0.3015625 0.85546875 0.01796875 0.04921875
1 0.33203125 0.840625 0.03984375 0.08203125
1 0.409375 0.86875 0.059375 0.071875
1 0.74375 0.95625 0.1 0.0875
0 0.9140625 0.23203125 0.0765625 0.0875
0 0.95078125 0.284375 0.0921875 0.07578125
1 0.98359375 0.2390625 0.03203125 0.10703125
1 0.71484375 0.01328125 0.05859375 0.0265625
1 0.2265625 0.78125 0.05859375 0.0875
1 0.10234375 0.91953125 0.10625 0.07109375
1 0.0609375 0.85859375 0.07578125 0.05078125
1 0.55234375 0.21171875 0.03203125 0.0703125
0 0.58515625 0.3984375 0.040625 0.090625
0 0.5765625 0.33046875 0.05 0.05390625
1 0.603125 0.2484375 0.0625 0.040625
0 0.07890625 0.27265625 0.05 0.08828125
0 0.24140625 0.12734375 0.053125 0.071875
0 0.34375 0.15625 0.04453125 0.04296875
0 0.36328125 0.084375 0.0421875 0.0609375
0 0.46015625 0.0796875 0.0484375 0.0421875
0 0.26171875 0.0390625 0.0640625 0.078125
0 0.32890625 0.03125 0.0515625 0.0625
0 0.1859375 0.23125 0.071875 0.06015625
0 0.06640625 0.0609375 0.0390625 0.0578125
0 0.8796875 0.02109375 0.040625 0.04140625
0 0.965625 0.06484375 0.06875 0.12890625
1 0.4203125 0.1921875 0.06328125 0.053125
1 0.64375 0.4515625 0.0734375 0.09453125
0 0.6734375 0.38203125 0.0609375 0.0578125
0 0.66484375 0.31015625 0.0703125 0.07421875
0 0.721875 0.2859375 0.059375 0.07578125
0 0.23359375 0.49921875 0.05 0.08203125
0 0.31875 0.4875 0.046875 0.05859375
0 0.75078125 0.753125 0.0671875 0.05859375
0 0.79140625 0.6875 0.06875 0.07421875
0 0.54453125 0.95390625 0.0640625 0.0921875
0 0.634375 0.921875 0.0890625 0.084375
0 0.5015625 0.86875 0.1046875 0.0765625
0 0.48125 0.79609375 0.02421875 0.06875
0 0.5609375 0.80703125 0.08125 0.046875
0 0.578125 0.04921875 0.06953125 0.0796875
0 0.278125 0.7609375 0.03359375 0.07890625
0 0.4 0.7953125 0.07578125 0.0765625
0 0.45546875 0.74765625 0.03984375 0.06171875
0 0.98125 0.77109375 0.0375 0.0765625
0 0.9765625 0.61640625 0.04609375 0.146875
1 0.92734375 0.725 0.06796875 0.096875