0 0.48671875 0.896875 0.0578125 0.046875
1 0.54140625 0.86015625 0.059375 0.0765625
1 0.02734375 0.63203125 0.04453125 0.1078125
1 0.08828125 0.67890625 0.1 0.0890625
1 0.06640625 0.54140625 0.06953125 0.0859375
1 0.03984375 0.89921875 0.06171875 0.0703125
1 0.253125 0.803125 0.08125 0.08359375
1 0.17109375 0.67109375 0.07421875 0.06875
1 0.22265625 0.725 0.07421875 0.07890625
0 0.1671875 0.4375 0.0515625 0.065625
1 0.225 0.37890625 0.05625 0.06484375
1 0.2359375 0.46875 0.03828125 0.05625
1 0.340625 0.4921875 0.12578125 0.09453125
1 0.48515625 0.70625 0.1078125 0.103125
1 0.4609375 0.56015625 0.09140625 0.10546875
1 0.365625 0.384375 0.046875 0.0453125
1 0.4453125 0.371875 0.05546875 0.0859375
1 0.44921875 0.475 0.04453125 0.06875
1 0.4875 0.4640625 0.05390625 0.075
1 0.4890625 0.41015625 0.06171875 0.06953125
1 0.54296875 0.48046875 0.0671875 0.125
1 0.6046875 0.5953125 0.09296875 0.11796875
0 0.55703125 0.7734375 0.0640625 0.06484375
1 0.565625 0.7140625 0.05390625 0.0578125
0 0.64609375 0.8125 0.08203125 0.0875
1 0.615625 0.75 0.0390625 0.03984375
0 0.68515625 0.73203125 0.075 0.065625
1 0.696875 0.665625 0.06640625 0.071875
0 0.76015625 0.80390625 0.06484375 0.06171875
1 0.821875 0.821875 0.05859375 0.06328125
1 0.8890625 0.84921875 0.0578125 0.059375
1 0.965625 0.63515625 0.06484375 0.1125
1 0.83359375 0.421875 0.071875 0.11484375
1 0.640625 0.328125 0.053125 0.1375
1 0.6609375 0.54609375 0.08046875 0.090625
1 0.5890625 0.4234375 0.065625 0.09609375
1 0.646875 0.43984375 0.0734375 0.06640625
1 0.69453125 0.36015625 0.0640625 0.09140625
1 0.5828125 0.25703125 0.065625 0.0796875
1 0.6609375 0.2140625 0.06640625 0.1046875
1 0.0765625 0.3921875 0.09921875 0.059375
1 0.16171875 0.253125 0.0765625 0.14375
1 0.0828125 0.18203125 0.05859375 0.1
1 0.18984375 0.15234375 0.06640625 0.10703125
1 0.246875 0.19453125 0.0421875 0.07578125
0 0.2875 0.296875 0.07421875 0.0609375
1 0.30546875 0.215625 0.0703125 0.06875
1 0.2859375 0.15 0.053125 0.071875
1 0.03359375 0.15859375 0.053125 0.1015625
1 0.03046875 0.08046875 0.05625 0.05703125
1 0.09375 0.06015625 0.08359375 0.11953125
1 0.1671875 0.03203125 0.06171875 0.0640625
1 0.03515625 0.03125 0.0515625 0.0625
1 0.26640625 0.09609375 0.071875 0.07109375
1 0.35234375 0.04140625 0.065625 0.08203125
1 0.35078125 0.13515625 0.04375 0.059375
1 0.42890625 0.04609375 0.0671875 0.0921875
1 0.4921875 0.06015625 0.078125 0.0875
1 0.39765625 0.246875 0.0890625 0.15703125
1 0.459375 0.240625 0.0515625 0.07890625
1 0.484375 0.16640625 0.0484375 0.0859375
1 0.53203125 0.16875 0.04921875 0.07734375
1 0.58359375 0.1546875 0.06796875 0.1078125
1 0.5734375 0.07890625 0.07421875 0.071875
1 0.52890625 0.253125 0.034375 0.0984375
1 0.659375 0.10546875 0.090625 0.10703125
1 0.74609375 0.14296875 0.07109375 0.075
1 0.8015625 0.08515625 0.053125 0.115625
1 0.734375 0.05546875 0.09375 0.096875
1 0.86640625 0.05546875 0.09375 0.1109375
1 0.75390625 0.37890625 0.07421875 0.0875
0 0.7203125 0.284375 0.04765625 0.040625
1 0.78671875 0.21875 0.071875 0.0484375
1 0.71484375 0.5125 0.07578125 0.14375
0 0.871875 0.246875 0.04609375 0.0546875
0 0.9203125 0.25 0.0546875 0.0515625
0 0.91640625 0.17578125 0.08125 0.0640625
0 0.35234375 0.33359375 0.08359375 0.06328125
0 0.33203125 0.66640625 0.05625 0.0828125
0 0.37109375 0.584375 0.103125 0.07890625
0 0.38515625 0.6828125 0.05859375 0.075
0 0.8625 0.59375 0.0953125 0.09296875
0 0.9109375 0.509375 0.0453125 0.071875
0 0.9796875 0.96796875 0.040625 0.0484375
1 0.8171875 0.75546875 0.05390625 0.07265625
0 0.61171875 0.01875 0.0625 0.0328125
1 0.5265625 0.35703125 0.096875 0.04296875
0 0.06640625 0.9703125 0.05078125 0.0515625