1 0.06484375 0.35625 0.07578125 0.09140625
0 0.1390625 0.28515625 0.07109375 0.10078125
0 0.209375 0.30546875 0.0515625 0.06484375
1 0.2296875 0.2265625 0.06484375 0.090625
0 0.04375 0.2 0.03671875 0.0640625
1 0.05703125 0.1359375 0.0734375 0.0828125
1 0.1046875 0.1015625 0.096875 0.0859375
0 0.15390625 0.1921875 0.065625 0.0796875
1 0.18203125 0.1375 0.05546875 0.0640625
1 0.23359375 0.13359375 0.0203125 0.02578125
1 0.3078125 0.16484375 0.0515625 0.07421875
0 0.38046875 0.215625 0.0453125 0.0546875
1 0.38671875 0.15078125 0.06796875 0.07734375
1 0.703125 0.0640625 0.09296875 0.10078125
1 0.95859375 0.08359375 0.08203125 0.07265625
1 0.965625 0.0375 0.06875 0.075
0 0.7453125 0.30859375 0.05625 0.03203125
0 0.796875 0.3328125 0.053125 0.06171875
0 0.8 0.2734375 0.05 0.06015625
1 0.8859375 0.20546875 0.04765625 0.075
1 0.85546875 0.371875 0.084375 0.09140625
1 0.39609375 0.33359375 0.06796875 0.090625
0 0.2796875 0.4609375 0.0578125 0.06796875
0 0.34453125 0.4421875 0.06328125 0.07578125
1 0.4265625 0.42109375 0.075 0.090625
0 0.025 0.78203125 0.0453125 0.05859375
0 0.00859375 0.72890625 0.0171875 0.078125
1 0.0296875 0.66015625 0.0578125 0.05546875
0 0.08046875 0.69296875 0.0484375 0.06796875
1 0.1203125 0.63828125 0.06953125 0.07421875
1 0.21796875 0.60078125 0.0875 0.08046875
0 0.42734375 0.57578125 0.05859375 0.0703125
1 0.4890625 0.6046875 0.06640625 0.04765625
1 0.5015625 0.55546875 0.078125 0.0609375
1 0.4953125 0.5140625 0.07890625 0.071875
1 0.528125 0.43046875 0.0640625 0.09296875
0 0.55703125 0.57578125 0.04609375 0.0703125
1 0.56015625 0.50625 0.05703125 0.06953125
0 0.0328125 0.95859375 0.05546875 0.08203125
0 0.0671875 0.89921875 0.04375 0.05234375
1 0.08984375 0.83203125 0.08046875 0.07890625
1 0.26875 0.97421875 0.07578125 0.05078125
0 0.3046875 0.87109375 0.04140625 0.05859375
0 0.43203125 0.878125 0.04609375 0.0546875
0 0.47265625 0.965625 0.0515625 0.06875
1 0.48984375 0.8765625 0.05859375 0.0828125
1 0.475 0.7984375 0.078125 0.06484375
1 0.525 0.75859375 0.03515625 0.03359375
1 0.78125 0.64921875 0.0828125 0.10546875
0 0.8671875 0.73203125 0.06328125 0.09296875
1 0.96015625 0.7359375 0.0796875 0.09609375
1 0.80234375 0.9765625 0.05078125 0.04609375
1 0.84609375 0.9734375 0.0390625 0.053125
1 0.68515625 0.96875 0.075 0.06171875
0 0.646875 0.659375 0.07890625 0.071875
0 0.215625 0.48125 0.0421875 0.0734375
0 0.28125 0.3859375 0.08359375 0.075
0 0.459375 0.04296875 0.05546875 0.071875
0 0.440625 0.26328125 0.0359375 0.0703125
0 0.45234375 0.203125 0.05546875 0.0515625
0 0.45625 0.1546875 0.05859375 0.05859375
0 0.48046875 0.12578125 0.04453125 0.06328125
0 0.51796875 0.05078125 0.0703125 0.0953125
0 0.60234375 0.0859375 0.07890625 0.06796875
0 0.36484375 0.03046875 0.0546875 0.0609375
0 0.34296875 0.25234375 0.059375 0.06640625
0 0.0734375 0.2734375 0.04375 0.078125
1 0.0328125 0.59921875 0.06484375 0.07265625
1 0.13125 0.5421875 0.0515625 0.0875
0 0.1796875 0.753125 0.06015625 0.06875
0 0.46484375 0.3625 0.0265625 0.040625
0 0.621875 0.52734375 0.05546875 0.08125
0 0.9296875 0.21953125 0.0453125 0.06796875
0 0.940625 0.40390625 0.05078125 0.04296875
0 0.94453125 0.89453125 0.071875 0.08671875
0 0.9296875 0.66171875 0.07265625 0.059375
0 0.5390625 0.35078125 0.090625 0.06640625
1 0.85 0.02421875 0.065625 0.0484375
1 0.91796875 0.35 0.04453125 0.0515625