1 0.0109375 0.0203125 0.021875 0.040625
0 0.06875 0.103125 0.0515625 0.06640625
1 0.11953125 0.078125 0.04609375 0.1328125
0 0.5390625 0.11640625 0.059375 0.075
1 0.57890625 0.121875 0.040625 0.05
1 0.69609375 0.0453125 0.0671875 0.090625
1 0.7484375 0.16640625 0.0546875 0.06796875
1 0.759375 0.109375 0.05390625 0.06640625
0 0.253125 0.89296875 0.04609375 0.053125
0 0.33828125 0.8 0.0546875 0.06796875
1 0.41171875 0.73671875 0.12578125 0.115625
1 0.453125 0.66640625 0.09296875 0.0859375
0 0.3875 0.95859375 0.059375 0.0546875
0 0.471875 0.97109375 0.040625 0.0578125
0 0.5015625 0.9203125 0.06953125 0.0671875
1 0.49921875 0.828125 0.078125 0.08359375
1 0.54453125 0.7609375 0.05625 0.0609375
1 0.38828125 0.59375 0.04765625 0.115625
0 0.3234375 0.58046875 0.04765625 0.05703125
0 0.35859375 0.5125 0.0421875 0.05078125
1 0.40390625 0.4859375 0.06171875 0.06875
1 0.3796875 0.40859375 0.03515625 0.04375
1 0.4171875 0.43046875 0.04296875 0.046875
0 0.428125 0.38828125 0.04296875 0.0484375
1 0.47578125 0.39921875 0.0359375 0.05625
1 0.50078125 0.32578125 0.05390625 0.06640625
1 0.4953125 0.271875 0.0515625 0.05234375
1 0.58671875 0.26484375 0.075 0.0953125
0 0.53984375 0.47890625 0.0515625 0.06796875
0 0.61640625 0.55703125 0.06640625 0.06875
1 0.5984375 0.47578125 0.04453125 0.0625
1 0.6421875 0.4171875 0.05625 0.1234375
1 0.6796875 0.334375 0.08203125 0.0703125
1 0.90625 0.4140625 0.07109375 0.06484375
1 0.9578125 0.36796875 0.084375 0.11484375
1 0.7828125 0.965625 0.07265625 0.06875
1 0.86015625 0.91875 0.0671875 0.109375
1 0.9078125 0.96796875 0.0609375 0.0640625
1 0.98203125 0.88984375 0.03515625 0.109375
1 0.97109375 0.9765625 0.0578125 0.04609375
1 0.6828125 0.95703125 0.13671875 0.0609375
0 0.65546875 0.6734375 0.05546875 0.05625
1 0.7484375 0.6109375 0.05859375 0.06484375
1 0.46328125 0.53828125 0.06484375 0.06640625
0 0.03515625 0.1640625 0.04296875 0.0546875
0 0.2171875 0.159375 0.071875 0.0671875
0 0.23515625 0.10390625 0.08125 0.08203125
0 0.33203125 0.1125 0.0421875 0.071875
0 0.41015625 0.0609375 0.04296875 0.071875
0 0.415625 0.19140625 0.04921875 0.08203125
1 0.8484375 0.178125 0.06640625 0.0875
0 0.8921875 0.121875 0.05078125 0.06796875
0 0.8078125 0.08046875 0.04765625 0.05703125
0 0.88125 0.0484375 0.075 0.0859375
0 0.97421875 0.08125 0.05078125 0.10859375
0 0.73828125 0.35625 0.04296875 0.08125
0 0.7296875 0.2765625 0.07890625 0.0609375
0 0.19453125 0.2015625 0.03515625 0.05390625
0 0.63046875 0.03046875 0.05546875 0.06015625
0 0.06328125 0.309375 0.05859375 0.078125
0 0.0265625 0.4625 0.0484375 0.0578125
0 0.0859375 0.60859375 0.0515625 0.10078125
0 0.01875 0.7515625 0.03671875 0.07890625
0 0.171875 0.3484375 0.0484375 0.05703125
0 0.22109375 0.615625 0.0390625 0.04765625
1 0.83046875 0.3625 0.0703125 0.05390625
0 0.84765625 0.296875 0.0421875 0.0484375
1 0.9375 0.2578125 0.0921875 0.09921875
0 0.52109375 0.6234375 0.07734375 0.08984375
0 0.08828125 0.79140625 0.05078125 0.08203125
0 0.134375 0.78984375 0.04453125 0.05625
0 0.3046875 0.928125 0.05 0.065625
0 0.06015625 0.9625 0.053125 0.071875
0 0.17421875 0.98359375 0.06171875 0.0328125
0 0.6546875 0.8328125 0.05 0.08046875
0 0.7453125 0.78125 0.0515625 0.08046875
0 0.68125 0.728125 0.05 0.0765625
0 0.78984375 0.72578125 0.04375 0.08046875
0 0.96640625 0.49140625 0.06640625 0.08515625
0 0.73203125 0.51953125 0.0703125 0.1046875
0 0.81015625 0.6359375 0.053125 0.06484375
0 0.8828125 0.7015625 0.040625 0.071875
0 0.97109375 0.65078125 0.0578125 0.08125
0 0.925 0.78515625 0.0546875 0.109375
1 0.78125 0.86640625 0.07890625 0.07109375
0 0.52890625 0.97890625 0.04765625 0.0421875
0 0.07109375 0.0375 0.0390625 0.075