1 0.04140625 0.43828125 0.04140625 0.12109375
0 0.1421875 0.55078125 0.046875 0.0875
0 0.14453125 0.4671875 0.10546875 0.0765625
1 0.11171875 0.4046875 0.0359375 0.05859375
1 0.0515625 0.01328125 0.03125 0.0265625
1 0.09921875 0.0109375 0.0265625 0.021875
1 0.1296875 0.08125 0.0359375 0.06328125
1 0.2046875 0.0578125 0.06875 0.10625
1 0.23671875 0.03828125 0.0734375 0.0765625
1 0.38125 0.0109375 0.034375 0.021875
1 0.43671875 0.09921875 0.06015625 0.07265625
1 0.48828125 0.1078125 0.05078125 0.0671875
1 0.48125 0.040625 0.078125 0.08046875
1 0.62421875 0.06328125 0.04296875 0.0765625
1 0.60078125 0.021875 0.1140625 0.04375
1 0.70859375 0.015625 0.0578125 0.03125
1 0.7625 0.03515625 0.0515625 0.06953125
1 0.27265625 0.2875 0.03984375 0.046875
1 0.18828125 0.6359375 0.05859375 0.09296875
1 0.01953125 0.63203125 0.0390625 0.0890625
1 0.04609375 0.54375 0.04609375 0.09140625
1 0.09140625 0.5390625 0.0484375 0.090625
1 0.2 0.56171875 0.0453125 0.059375
1 0.24765625 0.5234375 0.0390625 0.10390625
1 0.37421875 0.42578125 0.06484375 0.06953125
1 0.69765625 0.25546875 0.06796875 0.08984375
1 0.77109375 0.228125 0.0671875 0.1015625
1 0.90546875 0.32109375 0.0375 0.07890625
1 0.96875 0.30546875 0.05703125 0.07890625
0 0.90390625 0.62421875 0.065625 0.13125
1 0.9796875 0.578125 0.040625 0.125
1 0.79375 0.45625 0.06015625 0.09921875
1 0.67734375 0.53046875 0.0765625 0.11796875
1 0.371875 0.559375 0.06484375 0.121875
1 0.4234375 0.5625 0.04765625 0.09296875
1 0.56015625 0.6640625 0.09296875 0.1
1 0.528125 0.5875 0.078125 0.0578125
1 0.5984375 0.6171875 0.06640625 0.059375
1 0.7015625 0.63671875 0.03125 0.084375
1 0.4390625 0.478125 0.04609375 0.08984375
1 0.45859375 0.94765625 0.12109375 0.1046875
1 0.17109375 0.3890625 0.03828125 0.040625
1 0.0875 0.75703125 0.0625 0.08984375
1 0.1609375 0.9578125 0.1375 0.084375
0 0.4890625 0.3390625 0.0390625 0.0515625
0 0.67578125 0.79296875 0.05078125 0.071875
0 0.3359375 0.85390625 0.04140625 0.05
0 0.03515625 0.33125 0.0609375 0.08515625