0 0.46328125 0.50703125 0.05078125 0.09296875
0 0.54765625 0.4640625 0.03203125 0.06484375
1 0.57890625 0.44609375 0.02734375 0.06953125
0 0.0609375 0.9359375 0.07265625 0.059375
1 0.06328125 0.853125 0.0859375 0.084375
1 0.5703125 0.06875 0.07265625 0.1015625
1 0.76796875 0.15859375 0.04453125 0.08359375
1 0.775 0.4015625 0.07109375 0.1140625
1 0.8328125 0.31015625 0.04765625 0.06171875
1 0.859375 0.23984375 0.04375 0.08515625
1 0.7453125 0.51796875 0.0515625 0.1109375
1 0.9671875 0.2625 0.05 0.090625
0 0.8078125 0.14296875 0.03359375 0.0625
1 0.91953125 0.146875 0.0484375 0.078125
1 0.9703125 0.11171875 0.04296875 0.084375
1 0.65546875 0.79140625 0.0515625 0.09140625
0 0.0875 0.56484375 0.05859375 0.084375
0 0.2375 0.33359375 0.09921875 0.06796875
0 0.4171875 0.3125 0.096875 0.10625
0 0.61015625 0.34921875 0.0359375 0.05859375
0 0.53359375 0.26640625 0.053125 0.059375
0 0.6796875 0.30234375 0.03203125 0.04140625
0 0.42265625 0.434375 0.05 0.06328125
0 0.31484375 0.91171875 0.03046875 0.07265625
1 0.3890625 0.89140625 0.06328125 0.08125
1 0.503125 0.8078125 0.06796875 0.065625
0 0.0234375 0.140625 0.046875 0.09375
0 0.07578125 0.19453125 0.0578125 0.06328125
0 0.07734375 0.11953125 0.0515625 0.05625
0 0.28359375 0.46796875 0.05703125 0.109375
0 0.1171875 0.48125 0.0546875 0.08671875
0 0.61484375 0.44921875 0.03671875 0.0578125
0 0.93125 0.72734375 0.06796875 0.06953125
0 0.93828125 0.625 0.05859375 0.0609375
0 0.96796875 0.55234375 0.0515625 0.090625
0 0.83828125 0.48828125 0.046875 0.09140625
0 0.909375 0.47421875 0.05859375 0.05078125
0 0.740625 0.6796875 0.04296875 0.06484375
0 0.31328125 0.753125 0.0765625 0.0859375
0 0.140625 0.87890625 0.0609375 0.078125
0 0.34140625 0.8046875 0.0484375 0.06484375
0 0.82734375 0.92734375 0.06484375 0.07734375
0 0.83828125 0.828125 0.08671875 0.06171875
0 0.48828125 0.675 0.0828125 0.10703125
1 0.659375 0.878125 0.059375 0.11796875
0 0.70859375 0.909375 0.04140625 0.06328125
0 0.71015625 0.06640625 0.0359375 0.0515625
0 0.74140625 0.05 0.03046875 0.06328125
0 0.78828125 0.09921875 0.05390625 0.08203125
0 0.790625 0.0359375 0.053125 0.040625
0 0.6390625 0.25078125 0.06328125 0.0859375