1 0.3234375 0.84609375 0.05625 0.07578125
1 0.39921875 0.90390625 0.0828125 0.096875
0 0.25078125 0.81875 0.040625 0.05625
1 0.37265625 0.825 0.053125 0.08671875
1 0.4421875 0.984375 0.053125 0.03046875
1 0.80078125 0.08359375 0.0328125 0.05078125
1 0.33203125 0.4625 0.07421875 0.08515625
0 0.33125 0.375 0.0765625 0.09375
1 0.43125 0.41015625 0.03984375 0.065625
1 0.453125 0.353125 0.05703125 0.115625
0 0.54921875 0.353125 0.0484375 0.08828125
1 0.55 0.2734375 0.0375 0.05390625
1 0.38359375 0.32421875 0.04296875 0.10234375
1 0.3609375 0.740625 0.0515625 0.096875
1 0.6109375 0.35703125 0.04140625 0.075
1 0.63515625 0.3875 0.0421875 0.06484375
0 0.6109375 0.50078125 0.05234375 0.06328125
0 0.665625 0.6046875 0.03984375 0.0484375
0 0.67421875 0.52578125 0.03984375 0.0640625
1 0.7109375 0.440625 0.05078125 0.090625
1 0.65 0.30078125 0.04921875 0.06015625
0 0.7109375 0.34453125 0.05 0.0984375
1 0.75859375 0.25546875 0.05234375 0.08203125
0 0.78515625 0.46328125 0.096875 0.11328125
1 0.8265625 0.403125 0.0890625 0.08671875
1 0.79453125 0.31953125 0.06640625 0.10703125
1 0.884375 0.46015625 0.09765625 0.084375
1 0.934375 0.35859375 0.059375 0.10859375
0 0.8859375 0.30390625 0.0609375 0.0796875
1 0.98671875 0.3234375 0.0265625 0.075
1 0.896875 0.78515625 0.0609375 0.1015625
0 0.62421875 0.6796875 0.0515625 0.06796875
1 0.72734375 0.6484375 0.06953125 0.06796875
1 0.41640625 0.78203125 0.05078125 0.071875
1 0.53984375 0.92578125 0.0515625 0.0703125
1 0.46953125 0.85390625 0.05 0.08203125
1 0.53671875 0.8375 0.071875 0.09375
1 0.79375 0.93984375 0.06875 0.10625
1 0.665625 0.96796875 0.075 0.0640625
0 0.6828125 0.1203125 0.1015625 0.05234375
0 0.55390625 0.6 0.0453125 0.04375
0 0.5515625 0.5453125 0.04921875 0.0453125
0 0.36171875 0.56875 0.0265625 0.04296875
0 0.14609375 0.1390625 0.040625 0.05859375
0 0.22578125 0.1046875 0.06640625 0.07421875
0 0.18046875 0.0484375 0.078125 0.07890625
0 0.4234375 0.7078125 0.04609375 0.04921875
0 0.48125 0.753125 0.05546875 0.090625
0 0.9875 0.61640625 0.025 0.0890625
0 0.96796875 0.52109375 0.0640625 0.059375
0 0.66875 0.896875 0.06875 0.0515625
0 0.7171875 0.81875 0.04453125 0.0703125
0 0.41875 0.02578125 0.0375 0.0515625
0 0.46875 0.025 0.03984375 0.05