1 0.046875 0.0703125 0.09375 0.109375
1 0.18125 0.35390625 0.1390625 0.14921875
1 0.2390625 0.303125 0.053125 0.0734375
1 0.11875 0.54453125 0.07890625 0.10078125
1 0.1640625 0.47265625 0.05546875 0.06953125
1 0.18046875 0.62421875 0.05234375 0.10546875
1 0.240625 0.6 0.078125 0.11484375
1 0.33671875 0.55078125 0.0609375 0.07421875
1 0.1296875 0.796875 0.103125 0.096875
1 0.15703125 0.73203125 0.059375 0.0796875
1 0.03359375 0.94453125 0.0671875 0.1109375
1 0.109375 0.93828125 0.065625 0.0953125
1 0.1890625 0.95859375 0.09140625 0.08203125
1 0.328125 0.93046875 0.06640625 0.0828125
1 0.40234375 0.88046875 0.0625 0.11796875
1 0.65703125 0.33671875 0.02734375 0.05234375
1 0.9453125 0.0921875 0.0765625 0.11640625
1 0.8703125 0.35703125 0.09296875 0.1109375
1 0.94296875 0.29140625 0.0375 0.078125
1 0.92265625 0.475 0.05 0.15
1 0.38125 0.6390625 0.05703125 0.09375
1 0.253125 0.6859375 0.071875 0.06796875
1 0.5109375 0.94140625 0.06953125 0.0828125
1 0.50078125 0.8421875 0.05 0.09453125
1 0.73515625 0.896875 0.06796875 0.0828125
0 0.696875 0.83828125 0.0625 0.0421875
1 0.778125 0.82109375 0.05625 0.08359375
1 0.8796875 0.9328125 0.071875 0.134375
1 0.96328125 0.96953125 0.0734375 0.0609375
0 0.68046875 0.55703125 0.04765625 0.13984375
1 0.76484375 0.57421875 0.06484375 0.1203125
1 0.7390625 0.38203125 0.05703125 0.11171875
1 0.8015625 0.36484375 0.0484375 0.09921875
0 0.0421875 0.503125 0.0828125 0.0765625
0 0.13046875 0.0578125 0.059375 0.11015625
0 0.265625 0.08203125 0.04921875 0.096875
0 0.509375 0.13671875 0.08046875 0.0625
0 0.49765625 0.04296875 0.053125 0.071875
0 0.553125 0.1984375 0.06484375 0.05703125
0 0.43671875 0.27109375 0.08671875 0.090625
0 0.6953125 0.2125 0.06484375 0.071875
1 0.64140625 0.68359375 0.0765625 0.0984375
0 0.625 0.5953125 0.05234375 0.078125
0 0.85625 0.46484375 0.05078125 0.08515625
0 0.98671875 0.9 0.0265625 0.1078125
0 0.6609375 0.77578125 0.0625 0.0640625
0 0.590625 0.9875 0.0375 0.025