1 0.04921875 0.42890625 0.053125 0.05703125
1 0.02734375 0.575 0.0546875 0.1375
1 0.01875 0.7984375 0.03671875 0.07421875
1 0.134375 0.0921875 0.1515625 0.0984375
1 0.1828125 0.02734375 0.08125 0.0546875
1 0.33671875 0.0109375 0.0609375 0.021875
1 0.1234375 0.69375 0.05859375 0.09609375
1 0.14296875 0.58671875 0.0625 0.0875
1 0.43203125 0.971875 0.0703125 0.05625
1 0.33515625 0.45234375 0.07109375 0.0640625
1 0.32890625 0.60234375 0.05859375 0.1421875
1 0.3875 0.61640625 0.04609375 0.146875
1 0.40625 0.50234375 0.08359375 0.10234375
1 0.4296875 0.0375 0.078125 0.075
1 0.60703125 0.06796875 0.05625 0.0859375
1 0.68359375 0.01796875 0.07109375 0.0359375
1 0.75390625 0.0375 0.06953125 0.075
1 0.67578125 0.265625 0.07890625 0.09765625
1 0.7640625 0.23203125 0.0984375 0.11875
1 0.90859375 0.34296875 0.053125 0.1
1 0.959375 0.3359375 0.05546875 0.11328125
1 0.7921875 0.4921875 0.075 0.1046875
1 0.5015625 0.6265625 0.0640625 0.0609375
1 0.58359375 0.6859375 0.103125 0.12109375
1 0.659375 0.58125 0.09453125 0.1125
0 0.29296875 0.9078125 0.04921875 0.0640625
0 0.45 0.3546875 0.04140625 0.065625
1 0.2203125 0.3 0.05078125 0.05