0 0.040625 0.22578125 0.07109375 0.08046875
0 0.0796875 0.14921875 0.0609375 0.10546875
1 0.10859375 0.0390625 0.0671875 0.078125
1 0.28671875 0.06953125 0.08984375 0.0796875
1 0.325 0.1453125 0.06328125 0.05703125
1 0.303125 0.41953125 0.08203125 0.12890625
1 0.4234375 0.0765625 0.0875 0.08984375
1 0.50859375 0.053125 0.078125 0.10078125
0 0.41484375 0.23828125 0.10546875 0.06953125
1 0.4515625 0.15546875 0.08125 0.08203125
1 0.53203125 0.309375 0.08515625 0.121875
1 0.51875 0.1828125 0.0640625 0.05625
0 0.3875 0.3859375 0.07734375 0.0828125
1 0.4125 0.30859375 0.065625 0.05390625
1 0.53984375 0.52890625 0.06953125 0.128125
1 0.540625 0.421875 0.07109375 0.07109375
1 0.95625 0.3609375 0.0578125 0.08671875
1 0.47578125 0.65078125 0.09375 0.109375
1 0.16640625 0.54921875 0.090625 0.06640625
1 0.175 0.671875 0.07265625 0.07109375
1 0.225 0.615625 0.078125 0.1015625
1 0.27421875 0.578125 0.096875 0.16484375
1 0.34375 0.64765625 0.07890625 0.1515625
1 0.3203125 0.77890625 0.09453125 0.0890625
0 0.115625 0.82265625 0.06484375 0.0953125
1 0.20234375 0.75625 0.06484375 0.10546875
0 0.03359375 0.975 0.0671875 0.05
1 0.103125 0.93984375 0.0890625 0.096875
1 0.17734375 0.90390625 0.090625 0.096875
1 0.034375 0.8890625 0.06875 0.128125
1 0.58203125 0.9 0.06953125 0.1515625
1 0.64765625 0.76953125 0.03984375 0.0609375
0 0.1296875 0.1359375 0.053125 0.0828125
0 0.171875 0.178125 0.0578125 0.065625
0 0.025 0.39921875 0.04921875 0.109375
0 0.109375 0.39453125 0.06171875 0.096875
0 0.190625 0.296875 0.05390625 0.11484375
0 0.596875 0.20234375 0.08671875 0.09140625
0 0.6375 0.03671875 0.059375 0.0734375
0 0.290625 0.290625 0.0890625 0.084375
0 0.6984375 0.23828125 0.05625 0.06015625
0 0.0359375 0.6625 0.06640625 0.1109375
0 0.69296875 0.38828125 0.07265625 0.0703125
0 0.8390625 0.23203125 0.078125 0.09296875
0 0.81328125 0.1609375 0.05 0.07890625
0 0.415625 0.77578125 0.053125 0.08125
0 0.37890625 0.88671875 0.05546875 0.0625
0 0.96171875 0.1171875 0.0765625 0.065625
0 0.72109375 0.778125 0.075 0.0734375
0 0.70625 0.71484375 0.08203125 0.0671875
0 0.446875 0.95625 0.078125 0.0875
1 0.3921875 0.5578125 0.078125 0.07421875
0 0.95546875 0.628125 0.084375 0.14375