1 0.04609375 0.05703125 0.0640625 0.1140625
1 0.13046875 0.06015625 0.0890625 0.1203125
1 0.165625 0.515625 0.0671875 0.0875
0 0.11484375 0.4640625 0.040625 0.065625
1 0.221875 0.44765625 0.0625 0.059375
1 0.95625 0.090625 0.0578125 0.12265625
1 0.8734375 0.3484375 0.05859375 0.1109375
1 0.9609375 0.275 0.0375 0.071875
1 0.23046875 0.33984375 0.134375 0.13828125
1 0.2890625 0.2765625 0.06796875 0.05703125
1 0.21484375 0.61015625 0.0625 0.0984375
1 0.29765625 0.56875 0.125 0.159375
1 0.38203125 0.5265625 0.04921875 0.065625
1 0.13125 0.79140625 0.075 0.08203125
1 0.18046875 0.73671875 0.07421875 0.084375
1 0.21171875 0.68984375 0.05703125 0.075
1 0.0296875 0.8296875 0.059375 0.146875
1 0.1046875 0.88671875 0.075 0.10234375
1 0.1546875 0.9578125 0.07578125 0.084375
1 0.16171875 0.8765625 0.0640625 0.10078125
1 0.2328125 0.91796875 0.06796875 0.09765625
1 0.265625 0.95859375 0.053125 0.08203125
1 0.32421875 0.9609375 0.071875 0.07734375
1 0.4203125 0.728125 0.06796875 0.084375
1 0.42734375 0.6515625 0.0546875 0.04765625
1 0.42734375 0.5890625 0.07265625 0.075
1 0.4171875 0.95546875 0.096875 0.0890625
1 0.384375 0.87734375 0.0625 0.084375
1 0.43125 0.8296875 0.06796875 0.109375
1 0.5421875 0.86953125 0.06484375 0.06484375
1 0.5390625 0.78984375 0.059375 0.07421875
1 0.6296875 0.95859375 0.103125 0.08203125
1 0.6921875 0.3125 0.03984375 0.06171875
1 0.93203125 0.453125 0.05546875 0.115625
1 0.65078125 0.553125 0.03671875 0.07890625
1 0.70234375 0.5 0.046875 0.096875
1 0.77109375 0.51796875 0.08125 0.09296875
1 0.675 0.64765625 0.0671875 0.10234375
1 0.76171875 0.83984375 0.0671875 0.08515625
1 0.7890625 0.77265625 0.05 0.06640625
1 0.965625 0.690625 0.05625 0.08046875
1 0.9015625 0.9765625 0.078125 0.04609375
1 0.890625 0.9046875 0.075 0.11640625
1 0.96796875 0.9421875 0.0640625 0.10625
0 0.67890625 0.734375 0.03046875 0.0609375
0 0.0671875 0.478125 0.04921875 0.05859375
0 0.19296875 0.0640625 0.0375 0.1046875
0 0.30859375 0.075 0.053125 0.090625
0 0.53125 0.2328125 0.04765625 0.06328125
0 0.53984375 0.1328125 0.0875 0.05546875
0 0.5328125 0.05078125 0.05078125 0.05625
0 0.70859375 0.196875 0.04140625 0.06328125
0 0.571875 0.2171875 0.0484375 0.0484375
1 0.746875 0.3578125 0.046875 0.09453125
1 0.80625 0.34375 0.07578125 0.10234375