0 0.43125 0.20625 0.071875 0.07265625
1 0.44921875 0.15 0.0578125 0.071875
1 0.1453125 0.09609375 0.0484375 0.04375
1 0.64375 0.14609375 0.09375 0.09453125
0 0.6 0.29375 0.04765625 0.0875
1 0.6546875 0.25546875 0.05390625 0.05
0 0.65546875 0.409375 0.06015625 0.0625
0 0.71015625 0.3390625 0.03515625 0.07890625
1 0.7171875 0.23984375 0.05390625 0.059375
1 0.7484375 0.1921875 0.0546875 0.0796875
1 0.76796875 0.1140625 0.0796875 0.115625
0 0.7 0.02890625 0.06796875 0.0578125
1 0.7984375 0.05546875 0.0515625 0.0390625
1 0.85546875 0.11640625 0.06796875 0.0796875
1 0.8578125 0.03671875 0.06796875 0.059375
1 0.92734375 0.05625 0.0859375 0.1125
1 0.25546875 0.47265625 0.07265625 0.06953125
1 0.10234375 0.60390625 0.0515625 0.078125
1 0.165625 0.69375 0.0671875 0.0875
1 0.271875 0.72890625 0.06953125 0.0859375
0 0.22109375 0.590625 0.07109375 0.0828125
1 0.27578125 0.62578125 0.02890625 0.059375
1 0.30703125 0.60234375 0.04140625 0.06015625
1 0.39765625 0.5515625 0.03125 0.07578125
0 0.10546875 0.91015625 0.040625 0.06953125
0 0.128125 0.8484375 0.059375 0.0578125
1 0.1109375 0.76015625 0.0515625 0.07734375
1 0.21015625 0.7390625 0.053125 0.07578125
0 0.5265625 0.140625 0.06015625 0.08359375
1 0.5453125 0.03046875 0.09375 0.06015625
0 0.46796875 0.315625 0.03359375 0.0625
1 0.5171875 0.2890625 0.03828125 0.0328125
0 0.46796875 0.725 0.05625 0.08359375
0 0.43984375 0.6265625 0.03046875 0.0421875
1 0.4828125 0.56875 0.071875 0.09609375
0 0.47109375 0.8921875 0.03984375 0.06953125
1 0.47421875 0.8109375 0.06796875 0.08984375
1 0.5609375 0.97890625 0.0625 0.0421875
0 0.63125 0.8421875 0.0703125 0.08125
0 0.6484375 0.74140625 0.0421875 0.0625
1 0.7671875 0.7 0.078125 0.1140625
0 0.85546875 0.67734375 0.04921875 0.06875
1 0.8953125 0.640625 0.0359375 0.06171875
0 0.81328125 0.58203125 0.05859375 0.06953125
1 0.89765625 0.6 0.053125 0.04296875
0 0.7265625 0.54609375 0.04609375 0.06015625
1 0.75 0.4625 0.0921875 0.10703125
1 0.9453125 0.715625 0.0328125 0.05546875
1 0.96953125 0.73671875 0.04140625 0.0703125
0 0.71015625 0.8296875 0.06171875 0.07421875
1 0.7921875 0.8296875 0.07890625 0.08359375
1 0.9078125 0.9078125 0.0546875 0.05625
0 0.88046875 0.8453125 0.059375 0.06875
1 0.9796875 0.83046875 0.040625 0.0421875
1 0.93515625 0.96953125 0.0546875 0.0609375
0 0.58046875 0.70234375 0.05703125 0.0828125
0 0.6734375 0.65859375 0.065625 0.0796875
0 0.02890625 0.4328125 0.0578125 0.053125
0 0.0765625 0.44609375 0.04921875 0.096875
0 0.13046875 0.43515625 0.0453125 0.0796875
1 0.18984375 0.940625 0.04375 0.05859375
0 0.240625 0.915625 0.04296875 0.084375
0 0.3359375 0.9765625 0.0375 0.04609375
0 0.325 0.91171875 0.059375 0.07734375
0 0.39296875 0.971875 0.0546875 0.05625
0 0.56484375 0.1109375 0.03984375 0.07421875
0 0.2 0.40234375 0.06953125 0.08125
0 0.78046875 0.3 0.04609375 0.08515625
0 0.56171875 0.56875 0.06875 0.10078125
0 0.47890625 0.6640625 0.0375 0.04609375
0 0.54140625 0.6484375 0.0375 0.04140625
0 0.375 0.7671875 0.09296875 0.06484375
0 0.640625 0.94140625 0.04765625 0.06953125
0 0.6859375 0.97421875 0.07109375 0.05078125
0 0.9203125 0.546875 0.084375 0.06953125
0 0.83125 0.41640625 0.0765625 0.090625
0 0.53203125 0.8609375 0.05 0.096875