1 0.675 0.35703125 0.07265625 0.12890625
1 0.60546875 0.29453125 0.0765625 0.11484375
1 0.3484375 0.3421875 0.0625 0.0984375
1 0.30390625 0.03125 0.06640625 0.0625
1 0.49140625 0.0265625 0.0859375 0.053125
1 0.5796875 0.0359375 0.078125 0.071875
1 0.96328125 0.43125 0.03671875 0.04453125
0 0.90859375 0.08359375 0.11015625 0.1078125
1 0.98125 0.06171875 0.0375 0.09140625
1 0.58359375 0.890625 0.07734375 0.1015625
1 0.7703125 0.91328125 0.04375 0.0625
1 0.53125 0.98359375 0.07890625 0.0328125
1 0.2171875 0.95234375 0.05 0.0953125
1 0.27109375 0.9484375 0.06796875 0.0609375
0 0.18515625 0.6109375 0.05703125 0.0921875
1 0.253125 0.521875 0.07734375 0.1
1 0.13671875 0.30703125 0.05 0.0546875
1 0.1921875 0.30859375 0.053125 0.0625
1 0.17265625 0.18046875 0.06796875 0.04296875
1 0.2359375 0.2359375 0.065625 0.078125
1 0.2796875 0.16015625 0.0359375 0.05546875
0 0.07421875 0.08515625 0.0578125 0.06640625
1 0.1546875 0.1125 0.05390625 0.05390625
1 0.02734375 0.09921875 0.0546875 0.0859375
1 0.13046875 0.02109375 0.0734375 0.0421875
1 0.81328125 0.06171875 0.06796875 0.07734375
0 0.6953125 0.52578125 0.0765625 0.059375
0 0.8875 0.184375 0.0875 0.09140625
0 0.296875 0.6265625 0.065625 0.090625
0 0.09296875 0.50625 0.07734375 0.065625
0 0.08984375 0.440625 0.0765625 0.07265625
0 0.525 0.225 0.05859375 0.096875
0 0.39765625 0.50546875 0.05703125 0.06796875
1 0.340625 0.703125 0.0640625 0.07578125
1 0.39609375 0.765625 0.103125 0.0875
0 0.42109375 0.678125 0.04609375 0.065625
0 0.6 0.7890625 0.065625 0.06875
1 0.1078125 0.884375 0.0984375 0.103125
1 0.1890625 0.78203125 0.06953125 0.1078125
1 0.15234375 0.95625 0.0640625 0.0875
1 0.034375 0.98359375 0.0625 0.0328125
1 0.00859375 0.82734375 0.0171875 0.06015625
0 0.9578125 0.778125 0.071875 0.07734375
0 0.83984375 0.9296875 0.0578125 0.07734375
1 0.359375 0.95546875 0.06953125 0.0890625
1 0.40390625 0.88125 0.065625 0.0921875
1 0.4828125 0.7890625 0.07578125 0.0828125
1 0.034375 0.728125 0.0546875 0.1203125
1 0.1171875 0.746875 0.06796875 0.10390625