1 0.02578125 0.11015625 0.0515625 0.090625
1 0.515625 0.49453125 0.07890625 0.1
1 0.575 0.42109375 0.0515625 0.1046875
0 0.66875 0.30703125 0.08671875 0.07265625
1 0.7265625 0.25625 0.0734375 0.06953125
0 0.64609375 0.515625 0.071875 0.096875
0 0.75390625 0.528125 0.05625 0.06015625
1 0.86875 0.4984375 0.05 0.05390625
1 0.95 0.39296875 0.059375 0.04375
1 0.94765625 0.5640625 0.0953125 0.140625
1 0.97734375 0.4578125 0.0453125 0.115625
0 0.77109375 0.9171875 0.06328125 0.1328125
0 0.83828125 0.90546875 0.06796875 0.13515625
1 0.88046875 0.95078125 0.02734375 0.06640625
1 0.9109375 0.8609375 0.0703125 0.1
1 0.93984375 0.9296875 0.065625 0.10859375
1 0.45703125 0.84375 0.05234375 0.06640625
1 0.5234375 0.8921875 0.10859375 0.0953125
1 0.10546875 0.85 0.05859375 0.06484375
0 0.7671875 0.77421875 0.07421875 0.0875
1 0.7453125 0.68359375 0.0875 0.08046875
0 0.32890625 0.01875 0.040625 0.0375
1 0.58671875 0.3140625 0.06484375 0.06484375
0 0.63515625 0.396875 0.06796875 0.0921875
0 0.56171875 0.7984375 0.109375 0.09609375