1 0.015625 0.75859375 0.03125 0.0875
1 0.071875 0.659375 0.0765625 0.0953125
1 0.0671875 0.58671875 0.07109375 0.06953125
1 0.16328125 0.553125 0.06171875 0.08359375
1 0.04375 0.01640625 0.0625 0.0328125
0 0.1515625 0.06171875 0.05703125 0.09140625
1 0.18515625 0.0125 0.03515625 0.025
0 0.271875 0.0765625 0.07421875 0.06796875
1 0.3484375 0.0359375 0.05859375 0.05703125
1 0.38984375 0.0125 0.03359375 0.025
0 0.22265625 0.6453125 0.046875 0.0984375
1 0.275 0.6375 0.03515625 0.03671875
0 0.3328125 0.27421875 0.05234375 0.06953125
0 0.3765625 0.1890625 0.0609375 0.07890625
0 0.44375 0.1015625 0.06953125 0.07265625
1 0.51171875 0.025 0.06796875 0.05
1 0.6234375 0.13515625 0.040625 0.04140625
1 0.209375 0.2703125 0.0515625 0.05703125
1 0.3140625 0.23203125 0.03828125 0.04765625
0 0.3921875 0.96171875 0.0625 0.0765625
1 0.4640625 0.96640625 0.04296875 0.05703125
1 0.4515625 0.9109375 0.0359375 0.0578125
1 0.49375 0.91875 0.05 0.0734375
0 0.44296875 0.46875 0.06796875 0.05703125
1 0.48046875 0.378125 0.071875 0.12109375
1 0.51875 0.43203125 0.028125 0.02890625
0 0.63671875 0.72578125 0.0625 0.08984375
1 0.6953125 0.6265625 0.0546875 0.0609375
1 0.965625 0.4609375 0.05625 0.1
0 0.98203125 0.6578125 0.03515625 0.07890625
1 0.9875 0.54765625 0.025 0.0453125
1 0.83125 0.94921875 0.05390625 0.09453125
1 0.88984375 0.9578125 0.06484375 0.084375
0 0.86640625 0.8734375 0.07109375 0.0625
0 0.95234375 0.96875 0.0640625 0.06171875
1 0.94375 0.88203125 0.0390625 0.071875
1 0.97578125 0.86171875 0.0484375 0.0984375
1 0.92265625 0.80859375 0.0765625 0.04921875
1 0.98359375 0.7734375 0.0328125 0.08984375
1 0.5515625 0.96953125 0.046875 0.0609375
1 0.63671875 0.91796875 0.0578125 0.06171875
0 0.21015625 0.890625 0.04453125 0.0609375
1 0.21484375 0.82890625 0.040625 0.06796875
1 0.14921875 0.95 0.075 0.1
1 0.05546875 0.95859375 0.1015625 0.08203125
1 0.5609375 0.34296875 0.07265625 0.09609375
1 0.65625 0.3984375 0.0578125 0.06015625
1 0.64609375 0.33671875 0.059375 0.06953125
0 0.76484375 0.33125 0.0609375 0.1078125
1 0.80078125 0.22421875 0.0609375 0.0765625
1 0.6984375 0.14375 0.08359375 0.09453125
1 0.7734375 0.1421875 0.06328125 0.09140625
1 0.70390625 0.06640625 0.05859375 0.0640625
1 0.73515625 0.965625 0.03203125 0.0375
1 0.77890625 0.98515625 0.0671875 0.0296875
1 0.7734375 0.95078125 0.03359375 0.04296875
0 0.2265625 0.04140625 0.06796875 0.0640625
0 0.1125 0.50390625 0.028125 0.0921875
0 0.1796875 0.4875 0.07265625 0.040625
0 0.26484375 0.7765625 0.05 0.06015625
1 0.31640625 0.72109375 0.07421875 0.06640625
0 0.30234375 0.971875 0.0484375 0.05625
1 0.496875 0.74765625 0.04609375 0.07890625
0 0.378125 0.5875 0.0453125 0.04453125
0 0.534375 0.85 0.05 0.0921875
0 0.5640625 0.7859375 0.07890625 0.0609375
0 0.64609375 0.534375 0.07265625 0.071875
1 0.740625 0.67578125 0.05546875 0.05625
0 0.59609375 0.2484375 0.0625 0.06640625
0 0.7921875 0.37421875 0.05625 0.08203125
0 0.83203125 0.115625 0.04765625 0.0640625
0 0.9125 0.14140625 0.05546875 0.11640625
0 0.8421875 0.303125 0.053125 0.05234375
1 0.89921875 0.3453125 0.05625 0.07890625
0 0.94453125 0.29453125 0.04453125 0.05625
0 0.85078125 0.63359375 0.04921875 0.05625
0 0.75 0.521875 0.0265625 0.0375
0 0.7890625 0.490625 0.059375 0.06015625