1 0.03828125 0.08203125 0.0765625 0.04296875
1 0.01328125 0.04140625 0.0265625 0.03828125
0 0.12265625 0.17109375 0.05625 0.05546875
1 0.15078125 0.07109375 0.03671875 0.04765625
1 0.18984375 0.05546875 0.04765625 0.0390625
1 0.32421875 0.384375 0.071875 0.05703125
1 0.053125 0.52890625 0.02890625 0.05703125
1 0.0375 0.684375 0.07421875 0.1140625
1 0.0703125 0.671875 0.03671875 0.0671875
1 0.084375 0.5875 0.05546875 0.07578125
1 0.23046875 0.6921875 0.06640625 0.08828125
0 0.7 0.42265625 0.0515625 0.05859375
1 0.70703125 0.3625 0.046875 0.06796875
1 0.84921875 0.0234375 0.090625 0.046875
1 0.95 0.0296875 0.0640625 0.059375
0 0.6296875 0.6140625 0.04375 0.0625
1 0.7328125 0.546875 0.0765625 0.08828125
1 0.60078125 0.56953125 0.040625 0.03984375
0 0.41640625 0.59453125 0.0546875 0.059375
1 0.4796875 0.5390625 0.075 0.08203125
0 0.44609375 0.9390625 0.05234375 0.05234375
1 0.496875 0.8609375 0.090625 0.05625
1 0.5921875 0.884375 0.053125 0.04921875
1 0.30234375 0.9390625 0.08203125 0.05078125
1 0.5171875 0.80078125 0.08203125 0.10546875
0 0.81015625 0.90703125 0.04375 0.0625
1 0.8515625 0.82421875 0.0453125 0.0625
1 0.8671875 0.771875 0.06796875 0.05234375
1 0.88046875 0.96875 0.05859375 0.06171875
1 0.9296875 0.93203125 0.05546875 0.046875
1 0.93515625 0.8671875 0.084375 0.07734375
0 0.59609375 0.23203125 0.05234375 0.05703125
0 0.7015625 0.1765625 0.0625 0.075
0 0.15078125 0.51953125 0.06015625 0.04765625
0 0.31484375 0.65078125 0.065625 0.08203125
0 0.365625 0.65546875 0.0421875 0.0515625
0 0.3359375 0.83046875 0.059375 0.06640625
0 0.3796875 0.8625 0.06171875 0.059375
0 0.425 0.7703125 0.04921875 0.06171875
0 0.4921875 0.6890625 0.05 0.0515625
0 0.58515625 0.74609375 0.05234375 0.0625
0 0.58828125 0.684375 0.04609375 0.046875
0 0.13515625 0.80078125 0.06015625 0.0609375
0 0.7203125 0.09375 0.0828125 0.0890625
0 0.53203125 0.16015625 0.06328125 0.0640625
0 0.759375 0.6890625 0.07109375 0.06953125
0 0.67265625 0.91640625 0.07265625 0.0546875
0 0.70546875 0.828125 0.04765625 0.0703125
0 0.81484375 0.734375 0.0484375 0.06640625
0 0.83671875 0.65546875 0.05703125 0.06484375
0 0.9109375 0.6375 0.0796875 0.090625
0 0.76015625 0.209375 0.06484375 0.09140625