1 0.0296875 0.8375 0.059375 0.071875
1 0.0265625 0.77421875 0.05234375 0.0875
1 0.08984375 0.8 0.09765625 0.14375
1 0.02734375 0.59453125 0.0546875 0.0859375
1 0.83828125 0.5625 0.046875 0.06171875
1 0.79453125 0.1546875 0.0484375 0.0625
1 0.83671875 0.13046875 0.0390625 0.05
1 0.5140625 0.03515625 0.053125 0.065625
0 0.6421875 0.40078125 0.05625 0.059375
0 0.040625 0.0984375 0.053125 0.04921875
0 0.040625 0.265625 0.08125 0.121875
0 0.21015625 0.20390625 0.0890625 0.071875
0 0.28125 0.17109375 0.05703125 0.046875
0 0.303125 0.1140625 0.06015625 0.06171875
0 0.309375 0.03203125 0.05078125 0.0640625
0 0.2609375 0.33125 0.084375 0.0984375
0 0.32890625 0.2421875 0.05859375 0.0765625
0 0.53125 0.2359375 0.065625 0.06875
0 0.8328125 0.3015625 0.04765625 0.04765625
0 0.59453125 0.84296875 0.08125 0.06875
0 0.4640625 0.1859375 0.06015625 0.0578125
0 0.6 0.03046875 0.065625 0.0609375
0 0.8046875 0.52421875 0.06796875 0.05234375
0 0.778125 0.4671875 0.04609375 0.0546875
0 0.840625 0.4671875 0.06796875 0.0546875
0 0.9375 0.64609375 0.07421875 0.06875
0 0.96171875 0.59453125 0.05703125 0.05390625
0 0.9234375 0.0703125 0.04140625 0.059375
1 0.67578125 0.7453125 0.13203125 0.10625
0 0.665625 0.03671875 0.03515625 0.0734375
0 0.9484375 0.2765625 0.103125 0.115625
0 0.7546875 0.046875 0.07109375 0.0703125