0 0.81484375 0.52421875 0.04765625 0.065625
1 0.8515625 0.553125 0.04140625 0.0515625
0 0.6546875 0.38515625 0.05 0.07734375
0 0.5421875 0.23125 0.07109375 0.0953125
0 0.04453125 0.07890625 0.06640625 0.071875
0 0.28671875 0.13828125 0.04609375 0.0703125
0 0.31015625 0.090625 0.05703125 0.059375
0 0.034375 0.25625 0.0546875 0.078125
0 0.853125 0.10390625 0.053125 0.06015625
0 0.85546875 0.2984375 0.05859375 0.06015625
1 0.02890625 0.78828125 0.0578125 0.1890625
0 0.0953125 0.80546875 0.0734375 0.11484375
0 0.60390625 0.83984375 0.07265625 0.07109375
0 0.2609375 0.321875 0.08359375 0.08125