1 0.0171875 0.459375 0.034375 0.046875
1 0.175 0.5828125 0.08125 0.075
1 0.08046875 0.75625 0.0625 0.06015625
1 0.365625 0.721875 0.078125 0.07734375
1 0.25859375 0.746875 0.0921875 0.10390625
1 0.4796875 0.57578125 0.09296875 0.10234375
1 0.47890625 0.49375 0.059375 0.06640625
1 0.54296875 0.4921875 0.0765625 0.1046875
1 0.6296875 0.31328125 0.0890625 0.13046875
1 0.7953125 0.2265625 0.0625 0.08203125
1 0.70390625 0.0828125 0.02734375 0.04453125
1 0.73203125 0.59921875 0.0703125 0.07734375
1 0.75859375 0.72890625 0.078125 0.0640625
1 0.76328125 0.66796875 0.0609375 0.0578125
1 0.9078125 0.25 0.0546875 0.0828125
1 0.80859375 0.83671875 0.0890625 0.1234375
1 0.83984375 0.36015625 0.0578125 0.08046875
1 0.89296875 0.940625 0.0796875 0.11875
1 0.984375 0.85546875 0.03046875 0.1609375
0 0.503125 0.9625 0.05 0.06171875
1 0.59375 0.93515625 0.05703125 0.05234375
1 0.65 0.95859375 0.03515625 0.08203125
1 0.75703125 0.95234375 0.0984375 0.0953125
0 0.7171875 0.5375 0.04609375 0.04296875
0 0.0609375 0.29453125 0.0453125 0.075
0 0.0421875 0.4125 0.0390625 0.046875
0 0.34140625 0.253125 0.05234375 0.08046875
0 0.128125 0.3703125 0.059375 0.06640625
0 0.49140625 0.21015625 0.04453125 0.06640625
0 0.5984375 0.22265625 0.04453125 0.09140625
0 0.7859375 0.50625 0.04453125 0.06015625
0 0.9546875 0.303125 0.046875 0.0875
0 0.83828125 0.53671875 0.0328125 0.06328125
0 0.9125 0.57421875 0.05625 0.11640625
0 0.74609375 0.16640625 0.0453125 0.06796875