1 0.0421875 0.109375 0.053125 0.0609375
1 0.09765625 0.1078125 0.0609375 0.0765625
1 0.19375 0.0953125 0.05078125 0.06015625
1 0.271875 0.0921875 0.10078125 0.0765625
1 0.2734375 0.0328125 0.090625 0.0515625
0 0.296875 0.25 0.0578125 0.07109375
0 0.3515625 0.18046875 0.090625 0.05703125
0 0.3546875 0.1265625 0.084375 0.07890625
1 0.346875 0.0609375 0.04453125 0.06328125
1 0.1515625 0.36640625 0.03828125 0.0671875
1 0.2015625 0.34296875 0.07734375 0.08203125
0 0.4046875 0.05390625 0.053125 0.05703125
0 0.459375 0.08046875 0.046875 0.075
1 0.4453125 0.01953125 0.02421875 0.0390625
1 0.95390625 0.02421875 0.0859375 0.0484375
0 0.746875 0.04453125 0.0625 0.0890625
0 0.4984375 0.0390625 0.04453125 0.0765625
0 0.559375 0.0265625 0.075 0.053125
0 0.22265625 0.27265625 0.05625 0.0484375
0 0.51796875 0.16484375 0.04375 0.05625
0 0.57890625 0.1796875 0.05390625 0.08125
0 0.8125 0.1734375 0.07578125 0.0921875
0 0.2296875 0.74765625 0.04375 0.05703125
0 0.2828125 0.721875 0.0734375 0.05234375
0 0.11015625 0.67578125 0.0265625 0.0609375
0 0.21328125 0.66328125 0.059375 0.0359375
0 0.3 0.6609375 0.0421875 0.04453125
0 0.22734375 0.6109375 0.05234375 0.06015625
0 0.31171875 0.60390625 0.0734375 0.04609375
0 0.3453125 0.6671875 0.06953125 0.05703125
1 0.3796875 0.60625 0.065625 0.08671875
0 0.41953125 0.66484375 0.0390625 0.05625
1 0.40625 0.59609375 0.034375 0.053125
1 0.42109375 0.5328125 0.06484375 0.0953125
1 0.5015625 0.53046875 0.07734375 0.05078125
1 0.5171875 0.490625 0.05625 0.06953125
0 0.06328125 0.76875 0.040625 0.06875
1 0.0515625 0.6796875 0.04453125 0.059375
1 0.1453125 0.68828125 0.0359375 0.059375
1 0.20859375 0.540625 0.05546875 0.040625
1 0.3015625 0.4640625 0.04453125 0.04765625
1 0.1390625 0.8765625 0.07109375 0.0828125
0 0.03984375 0.971875 0.0796875 0.05625
0 0.1125 0.98125 0.071875 0.0375
1 0.17734375 0.95625 0.040625 0.02734375
1 0.52421875 0.75859375 0.03359375 0.04296875
1 0.553125 0.809375 0.0515625 0.06328125
1 0.59140625 0.8 0.0484375 0.08125
0 0.496875 0.96484375 0.06953125 0.05859375
1 0.5890625 0.9 0.05703125 0.05703125
0 0.640625 0.9234375 0.04765625 0.0421875
1 0.64296875 0.840625 0.04921875 0.06484375
1 0.6984375 0.96015625 0.078125 0.071875
1 0.6828125 0.86328125 0.0484375 0.06953125
1 0.771875 0.88515625 0.0453125 0.08671875
1 0.80078125 0.9546875 0.04765625 0.0734375
1 0.834375 0.85234375 0.0875 0.06953125
0 0.85078125 0.93203125 0.04453125 0.0734375
1 0.9203125 0.94921875 0.06640625 0.08046875
1 0.9921875 0.95 0.01484375 0.078125
1 0.97421875 0.8796875 0.05078125 0.071875
1 0.96640625 0.80859375 0.06640625 0.071875
0 0.92734375 0.65625 0.07734375 0.07578125
1 0.99140625 0.6234375 0.0171875 0.0234375
1 0.94296875 0.5703125 0.05 0.08125
1 0.99296875 0.54921875 0.0140625 0.0734375
0 0.9296875 0.490625 0.06875 0.0609375
1 0.9796875 0.50625 0.040625 0.075
0 0.3828125 0.89140625 0.0515625 0.04140625
1 0.478125 0.91015625 0.03203125 0.03359375
0 0.5984375 0.31015625 0.08046875 0.0609375
0 0.70546875 0.2265625 0.084375 0.0640625
0 0.63671875 0.18515625 0.05859375 0.05703125
0 0.6921875 0.1640625 0.0578125 0.0640625
0 0.8109375 0.275 0.04921875 0.04921875
0 0.88125 0.30546875 0.07890625 0.05234375
0 0.87734375 0.22578125 0.0625 0.084375
0 0.68125 0.41875 0.0625 0.06484375
0 0.66640625 0.33984375 0.0375 0.0625
0 0.87421875 0.41796875 0.0828125 0.07109375
0 0.575 0.47109375 0.04609375 0.0609375
0 0.72734375 0.825 0.0484375 0.07421875
0 0.328125 0.946875 0.04765625 0.0765625
0 0.64375 0.96875 0.05859375 0.06171875
0 0.91328125 0.7703125 0.06640625 0.08828125
0 0.04296875 0.61796875 0.03125 0.05234375
0 0.21015625 0.91484375 0.0578125 0.0515625