0 0.46875 0.27109375 0.0703125 0.10390625
1 0.4984375 0.1765625 0.0546875 0.071875
1 0.534375 0.43828125 0.071875 0.08125
1 0.5203125 0.7296875 0.07109375 0.06640625
1 0.521875 0.671875 0.05703125 0.07890625
1 0.57734375 0.7078125 0.04296875 0.125
1 0.63046875 0.65625 0.05859375 0.09296875
0 0.61796875 0.3859375 0.05703125 0.0484375
1 0.63515625 0.3421875 0.0953125 0.04921875
1 0.55625 0.2578125 0.07109375 0.0765625
1 0.615625 0.28828125 0.0484375 0.04921875
0 0.68515625 0.265625 0.06171875 0.065625
1 0.78984375 0.246875 0.075 0.09609375
0 0.85546875 0.36640625 0.053125 0.0890625
1 0.9171875 0.28359375 0.09609375 0.084375
1 0.8859375 0.54609375 0.0609375 0.109375
0 0.93046875 0.52578125 0.04296875 0.1
1 0.96640625 0.4390625 0.06640625 0.0734375
1 0.82578125 0.51015625 0.075 0.08125
0 0.43515625 0.63046875 0.05234375 0.0765625
1 0.5421875 0.6046875 0.0609375 0.07421875
0 0.48671875 0.8625 0.05703125 0.05859375
1 0.55078125 0.8765625 0.0609375 0.0515625
1 0.66796875 0.803125 0.03671875 0.06015625
1 0.5875 0.9296875 0.0625 0.0734375
0 0.80234375 0.946875 0.059375 0.071875
1 0.85 0.98671875 0.03359375 0.0265625
1 0.2875 0.8796875 0.05625 0.0625
1 0.3953125 0.8703125 0.04453125 0.06484375
1 0.27578125 0.78671875 0.03359375 0.059375
1 0.97578125 0.56328125 0.04375 0.05390625
0 0.6984375 0.8625 0.04296875 0.08046875
0 0.78984375 0.790625 0.06171875 0.06640625
0 0.81171875 0.715625 0.0609375 0.07734375
1 0.8578125 0.7359375 0.04453125 0.0609375
0 0.946875 0.94296875 0.0625 0.1125
0 0.79453125 0.61171875 0.05625 0.075
0 0.96015625 0.69296875 0.053125 0.090625
0 0.578125 0.52109375 0.0484375 0.059375
0 0.671875 0.425 0.05234375 0.06875
0 0.7375 0.4046875 0.04921875 0.053125
0 0.2484375 0.31171875 0.0578125 0.078125
0 0.46484375 0.55390625 0.0453125 0.071875
0 0.52890625 0.5359375 0.0390625 0.06171875
0 0.27578125 0.6796875 0.059375 0.08125
0 0.19765625 0.6015625 0.03359375 0.06328125
0 0.203125 0.20859375 0.05234375 0.05
0 0.04296875 0.24296875 0.0796875 0.1234375
0 0.565625 0.19140625 0.05859375 0.05625
0 0.7984375 0.14453125 0.0609375 0.07421875
0 0.8828125 0.19375 0.05546875 0.0734375
0 0.8828125 0.1140625 0.059375 0.0890625
1 0.0125 0.68359375 0.025 0.1140625
1 0.6796875 0.95078125 0.046875 0.09765625
0 0.85859375 0.9125 0.0609375 0.07890625
0 0.90625 0.840625 0.05234375 0.059375
0 0.94765625 0.82421875 0.05078125 0.06328125