1 0.5875 0.075 0.05859375 0.090625
0 0.0359375 0.9515625 0.03984375 0.05859375
1 0.0125 0.8984375 0.02421875 0.05
0 0.1109375 0.89453125 0.06484375 0.0734375
1 0.109375 0.81953125 0.0578125 0.05390625
0 0.403125 0.53359375 0.03359375 0.0484375
0 0.5078125 0.60859375 0.0640625 0.1765625
0 0.49453125 0.48125 0.05546875 0.0953125
1 0.59375 0.425 0.0296875 0.07578125
0 0.353125 0.8671875 0.053125 0.0734375
1 0.4171875 0.83125 0.0390625 0.08515625
1 0.52734375 0.775 0.04453125 0.05
0 0.690625 0.14609375 0.0953125 0.090625
1 0.7734375 0.16640625 0.06328125 0.06796875
1 0.775 0.378125 0.0625 0.1125
1 0.83046875 0.30234375 0.0625 0.08125
1 0.85625 0.2453125 0.046875 0.078125
1 0.7484375 0.49921875 0.0625 0.12265625
1 0.7890625 0.4453125 0.04140625 0.06796875
1 0.90390625 0.165625 0.06171875 0.084375
1 0.94765625 0.121875 0.078125 0.09140625
1 0.96015625 0.33671875 0.0796875 0.06953125
1 0.97109375 0.2546875 0.0578125 0.09765625
1 0.67421875 0.8359375 0.03984375 0.09609375
1 0.66796875 0.746875 0.0625 0.078125
1 0.67890625 0.95625 0.04453125 0.07734375
0 0.44453125 0.41875 0.0453125 0.08125
0 0.4484375 0.3140625 0.08359375 0.06484375
0 0.553125 0.26953125 0.06015625 0.0609375
0 0.6375 0.4265625 0.046875 0.0578125
0 0.628125 0.34765625 0.06796875 0.0734375
0 0.646875 0.25 0.04765625 0.075
0 0.6890625 0.30390625 0.0421875 0.053125
0 0.72109375 0.0734375 0.05703125 0.0703125
0 0.66640625 0.02734375 0.05546875 0.04921875
0 0.75234375 0.01015625 0.0421875 0.0203125
0 0.7796875 0.09921875 0.03203125 0.0375
0 0.79140625 0.046875 0.059375 0.0609375
0 0.84296875 0.103125 0.0515625 0.0625
0 0.8390625 0.0359375 0.06015625 0.0671875
0 0.97109375 0.0359375 0.0578125 0.071875
0 0.4203125 0.165625 0.0546875 0.084375
0 0.4 0.115625 0.0625 0.05546875
0 0.07109375 0.15390625 0.078125 0.07890625
0 0.0328125 0.471875 0.065625 0.10703125
0 0.046875 0.37890625 0.065625 0.06015625
0 0.28515625 0.321875 0.078125 0.05703125
1 0.2859375 0.278125 0.165625 0.1046875
0 0.16015625 0.3265625 0.046875 0.0625
0 0.1375 0.5390625 0.0515625 0.06484375
0 0.1609375 0.4625 0.0625 0.08515625
0 0.23828125 0.528125 0.046875 0.059375
0 0.3234375 0.446875 0.0484375 0.0890625
0 0.3859375 0.4546875 0.0484375 0.0953125
0 0.2203125 0.60234375 0.04296875 0.096875
0 0.3484375 0.7109375 0.05390625 0.0765625
0 0.18984375 0.8296875 0.053125 0.0875
0 0.3734375 0.778125 0.04453125 0.0515625
0 0.73671875 0.64375 0.05703125 0.06796875
0 0.7859375 0.9171875 0.065625 0.078125
0 0.75859375 0.81875 0.034375 0.0921875
0 0.759375 0.73359375 0.04375 0.0734375
0 0.92109375 0.578125 0.0515625 0.084375
0 0.18046875 0.95078125 0.06171875 0.09765625
0 0.72734375 0.9609375 0.05703125 0.06875
0 0.85546875 0.778125 0.115625 0.08671875
0 0.9203125 0.69140625 0.05 0.0609375
0 0.86484375 0.96015625 0.1 0.0796875
0 0.95078125 0.94765625 0.0390625 0.05546875
0 0.8546875 0.8640625 0.07421875 0.0625
0 0.97578125 0.8109375 0.0484375 0.11171875
0 0.546875 0.721875 0.04765625 0.059375