1 0.021875 0.30078125 0.04375 0.1234375
1 0.059375 0.309375 0.0734375 0.05
1 0.03125 0.44453125 0.06171875 0.06171875
1 0.08046875 0.3890625 0.0625 0.0625
1 0.1375 0.33125 0.0734375 0.09453125
1 0.2171875 0.290625 0.071875 0.07578125
0 0.3 0.32421875 0.05546875 0.08046875
1 0.35234375 0.30625 0.02578125 0.0265625
0 0.228125 0.13359375 0.05703125 0.07890625
1 0.29609375 0.03984375 0.07421875 0.05625
1 0.02734375 0.8953125 0.0546875 0.059375
0 0.35078125 0.5 0.1015625 0.07890625
0 0.39375 0.40625 0.05390625 0.10234375
1 0.47109375 0.4453125 0.06640625 0.07734375
1 0.31875 0.603125 0.08671875 0.06640625
1 0.521875 0.184375 0.09140625 0.1171875
0 0.3796875 0.11484375 0.0671875 0.06328125
0 0.4140625 0.19453125 0.06796875 0.071875
1 0.48828125 0.12109375 0.07890625 0.05390625
0 0.603125 0.1625 0.06328125 0.08671875
1 0.5796875 0.08671875 0.05625 0.0515625
0 0.53046875 0.6015625 0.05546875 0.08203125
0 0.5265625 0.52421875 0.10625 0.0875
1 0.596875 0.409375 0.040625 0.04140625
1 0.72734375 0.41953125 0.06171875 0.075
1 0.70625 0.61953125 0.04609375 0.06875
0 0.7625 0.28671875 0.06328125 0.0765625
1 0.8609375 0.196875 0.059375 0.07109375
1 0.84921875 0.15703125 0.04609375 0.0578125
0 0.815625 0.0484375 0.059375 0.08203125
1 0.884375 0.015625 0.0625 0.03125
1 0.934375 0.10703125 0.06875 0.0828125
1 0.946875 0.04140625 0.05390625 0.05
1 0.95625 0.20625 0.05 0.08125
1 0.84140625 0.96796875 0.0875 0.0640625
1 0.91875 0.890625 0.06875 0.0578125
0 0.59296875 0.759375 0.03359375 0.0671875
1 0.721875 0.77578125 0.03671875 0.0375
1 0.7578125 0.7359375 0.03671875 0.046875
1 0.9578125 0.95625 0.084375 0.0875
0 0.075 0.07890625 0.06953125 0.06328125
0 0.06328125 0.21640625 0.0546875 0.10625
0 0.121875 0.16953125 0.059375 0.05703125
0 0.1375 0.10390625 0.0515625 0.0640625
0 0.14765625 0.246875 0.053125 0.06796875
0 0.21875 0.2265625 0.08359375 0.0546875
0 0.27734375 0.1734375 0.040625 0.05078125
0 0.3375 0.14609375 0.0765625 0.0765625
0 0.42734375 0.040625 0.05859375 0.0796875
0 0.396875 0.2578125 0.065625 0.0671875
0 0.13125 0.4515625 0.05703125 0.0859375
0 0.4859375 0.29921875 0.0375 0.06640625
0 0.5890625 0.2953125 0.05625 0.059375
0 0.5875 0.2296875 0.0625 0.06171875
0 0.54765625 0.03046875 0.12109375 0.0609375
0 0.67109375 0.0703125 0.06015625 0.0734375
0 0.70390625 0.16171875 0.04453125 0.0765625
0 0.746875 0.05703125 0.05546875 0.08203125
0 0.8265625 0.3421875 0.0453125 0.0546875
0 0.6953125 0.553125 0.06796875 0.06171875
0 0.94765625 0.3546875 0.1046875 0.109375
0 0.7125 0.903125 0.0671875 0.0828125
1 0.5484375 0.97109375 0.065625 0.0578125