1 0.0234375 0.31484375 0.0453125 0.09296875
0 0.13046875 0.48125 0.05 0.06015625
1 0.1578125 0.4921875 0.03359375 0.0453125
0 0.1140625 0.1359375 0.07109375 0.06953125
1 0.11796875 0.07265625 0.0484375 0.06875
0 0.11640625 0.20546875 0.04453125 0.06640625
1 0.1890625 0.146875 0.0640625 0.0703125
0 0.2046875 0.325 0.0875 0.09140625
1 0.2953125 0.26015625 0.03671875 0.090625
1 0.2859375 0.19921875 0.03046875 0.04453125
1 0.17109375 0.01953125 0.04609375 0.0390625
0 0.41953125 0.23984375 0.06640625 0.1125
0 0.4671875 0.13671875 0.0453125 0.05390625
1 0.490625 0.0640625 0.05625 0.05078125
1 0.4828125 0.0203125 0.0625 0.040625
1 0.340625 0.0703125 0.121875 0.1265625
1 0.4765625 0.1859375 0.03671875 0.0578125
0 0.52890625 0.26015625 0.08359375 0.1
1 0.578125 0.18984375 0.0484375 0.05703125
1 0.6015625 0.15625 0.040625 0.0484375
0 0.63984375 0.17578125 0.03359375 0.0640625
1 0.6953125 0.1296875 0.0734375 0.06640625
1 0.73125 0.2 0.04140625 0.078125
0 0.625 0.08984375 0.05703125 0.07578125
0 0.7171875 0.02890625 0.07578125 0.0578125
0 0.79921875 0.13046875 0.0578125 0.046875
0 0.78359375 0.08671875 0.0390625 0.05234375
1 0.8 0.0328125 0.03203125 0.0515625
1 0.8640625 0.1296875 0.065625 0.0828125
0 0.36171875 0.5109375 0.04453125 0.0796875
0 0.41875 0.51875 0.05625 0.059375
1 0.4453125 0.4609375 0.0421875 0.02890625
1 0.2171875 0.7734375 0.02734375 0.0546875
1 0.15 0.67109375 0.04453125 0.0734375
1 0.25234375 0.68125 0.053125 0.05703125
1 0.284375 0.83828125 0.02734375 0.05
1 0.7125 0.61953125 0.0765625 0.0765625
1 0.8125 0.80546875 0.0578125 0.10625
0 0.828125 0.971875 0.08125 0.05625
0 0.878125 0.96953125 0.06796875 0.05859375
0 0.86875 0.9375 0.07578125 0.065625
1 0.85703125 0.87421875 0.065625 0.0828125
1 0.65078125 0.9734375 0.0421875 0.053125
1 0.825 0.24140625 0.0546875 0.071875
1 0.88828125 0.7640625 0.084375 0.1125
1 0.44453125 0.95078125 0.06171875 0.09765625
1 0.5 0.940625 0.071875 0.11875
0 0.0953125 0.4046875 0.0421875 0.05390625
0 0.21796875 0.49765625 0.078125 0.07890625
0 0.1796875 0.421875 0.0375 0.06953125
0 0.09609375 0.30625 0.075 0.09765625
0 0.24375 0.06171875 0.0578125 0.0859375
0 0.48359375 0.38046875 0.05625 0.09453125
0 0.54375 0.54453125 0.078125 0.08203125
0 0.62265625 0.4609375 0.084375 0.0859375
0 0.63828125 0.4078125 0.03515625 0.03828125
0 0.72734375 0.40625 0.06484375 0.04453125
0 0.73125 0.54140625 0.08203125 0.06796875
0 0.86015625 0.6390625 0.103125 0.059375
0 0.90390625 0.57734375 0.04765625 0.078125
0 0.7421875 0.75625 0.0375 0.0875
1 0.86640625 0.70390625 0.05390625 0.0359375
0 0.59296875 0.90546875 0.06484375 0.06484375
0 0.95546875 0.6765625 0.0703125 0.04453125
0 0.96640625 0.615625 0.06640625 0.08203125
0 0.96953125 0.53125 0.0609375 0.06875
0 0.734375 0.9234375 0.0578125 0.06484375
0 0.9203125 0.04375 0.1078125 0.08203125
0 0.4625 0.796875 0.0578125 0.04375