1 0.046875 0.26015625 0.0703125 0.09453125
1 0.1125 0.21953125 0.08515625 0.10390625
1 0.04921875 0.0234375 0.09296875 0.046875
1 0.0265625 0.15234375 0.0484375 0.10703125
0 0.20234375 0.134375 0.08671875 0.0890625
1 0.30234375 0.178125 0.10390625 0.0734375
1 0.3015625 0.08125 0.053125 0.08125
1 0.40625 0.13046875 0.075 0.10390625
1 0.496875 0.13828125 0.07265625 0.08828125
1 0.49453125 0.04375 0.059375 0.0875
1 0.453125 0.22109375 0.04921875 0.09375
1 0.5328125 0.29453125 0.13203125 0.075
1 0.540625 0.2375 0.08515625 0.10390625
1 0.6328125 0.2046875 0.09453125 0.06953125
1 0.571875 0.08359375 0.084375 0.10390625
1 0.6125 0.02109375 0.1625 0.0421875
1 0.79609375 0.42890625 0.0640625 0.10703125
0 0.54921875 0.5234375 0.053125 0.06015625
1 0.58125 0.43203125 0.0859375 0.06484375
1 0.29765625 0.675 0.06328125 0.0765625
1 0.359375 0.65 0.06953125 0.07578125
1 0.33125 0.5875 0.03671875 0.0578125
1 0.41484375 0.69609375 0.06953125 0.08359375
1 0.1484375 0.9359375 0.06875 0.09375
1 0.1734375 0.8625 0.0515625 0.071875
1 0.04140625 0.965625 0.0828125 0.065625
1 0.4953125 0.8390625 0.065625 0.075
1 0.56640625 0.815625 0.0734375 0.11640625
1 0.7953125 0.88046875 0.04453125 0.08203125
1 0.8703125 0.96796875 0.075 0.0640625
1 0.39296875 0.953125 0.10625 0.09296875
1 0.45859375 0.94609375 0.059375 0.0734375
1 0.58359375 0.98203125 0.06796875 0.03515625
1 0.3 0.96796875 0.08125 0.0640625
1 0.3359375 0.8765625 0.08125 0.06875
1 0.26875 0.83515625 0.0640625 0.0625
1 0.22265625 0.95546875 0.06484375 0.0796875
1 0.471875 0.678125 0.04453125 0.09140625
1 0.45859375 0.59609375 0.05 0.065625
1 0.50625 0.64296875 0.05078125 0.0890625
1 0.95859375 0.3453125 0.059375 0.1
0 0.140625 0.07265625 0.053125 0.07265625
0 0.23359375 0.03515625 0.03828125 0.06953125
0 0.0984375 0.1046875 0.05234375 0.06953125
1 0.36953125 0.025 0.059375 0.05
0 0.67734375 0.54921875 0.0546875 0.08828125
0 0.74765625 0.23671875 0.07890625 0.084375
0 0.1046875 0.67890625 0.06484375 0.0578125
1 0.19140625 0.675 0.065625 0.08203125
1 0.0296875 0.5859375 0.0578125 0.1078125
1 0.1046875 0.56796875 0.0796875 0.1
1 0.72734375 0.0875 0.07890625 0.0671875
1 0.88984375 0.31015625 0.07265625 0.0875
1 0.95859375 0.13046875 0.0671875 0.10390625
1 0.8296875 0.11328125 0.078125 0.06953125
1 0.20859375 0.4953125 0.06796875 0.08828125
0 0.74921875 0.7875 0.05078125 0.05703125
0 0.04765625 0.81640625 0.071875 0.0828125
0 0.87109375 0.784375 0.125 0.1171875
0 0.7578125 0.6046875 0.046875 0.05625
0 0.6765625 0.9640625 0.090625 0.071875