0 0.06015625 0.16875 0.0609375 0.06328125
0 0.02421875 0.1171875 0.0390625 0.0984375
1 0.11015625 0.12578125 0.05 0.09453125
1 0.08203125 0.03828125 0.0546875 0.0765625
1 0.16484375 0.02578125 0.096875 0.0515625
0 0.234375 0.2390625 0.06171875 0.125
1 0.31015625 0.1296875 0.075 0.1015625
1 0.42578125 0.075 0.08671875 0.06015625
1 0.4390625 0.01875 0.06953125 0.0375
1 0.48828125 0.0703125 0.06484375 0.0734375
1 0.54765625 0.0203125 0.0765625 0.040625
0 0.659375 0.30703125 0.0546875 0.06875
0 0.6859375 0.23671875 0.040625 0.0625
0 0.77109375 0.14296875 0.05 0.075
0 0.8484375 0.06796875 0.0484375 0.1359375
1 0.94609375 0.0359375 0.078125 0.07109375
1 0.98671875 0.246875 0.0265625 0.1171875
0 0.328125 0.275 0.04296875 0.12890625
1 0.4171875 0.296875 0.053125 0.04296875
1 0.459375 0.23046875 0.096875 0.08515625
1 0.5234375 0.175 0.05546875 0.10390625
0 0.53359375 0.3171875 0.05703125 0.07578125
1 0.59921875 0.27109375 0.05390625 0.0546875
1 0.5796875 0.22265625 0.03828125 0.05546875
1 0.43046875 0.63359375 0.0875 0.065625
1 0.6890625 0.63671875 0.08203125 0.0765625
1 0.58125 0.68671875 0.1078125 0.0734375
1 0.60390625 0.81171875 0.07265625 0.12734375
1 0.378125 0.94375 0.1171875 0.0703125
0 0.29609375 0.8765625 0.05625 0.08203125
1 0.4125 0.8625 0.04765625 0.06796875
1 0.49453125 0.9421875 0.0734375 0.084375
1 0.2359375 0.94140625 0.06953125 0.06484375
0 0.1546875 0.4625 0.07578125 0.08984375
0 0.2296875 0.3859375 0.0828125 0.05703125
0 0.18359375 0.09609375 0.0671875 0.09375
0 0.24140625 0.0484375 0.08046875 0.096875
0 0.61953125 0.053125 0.06328125 0.0875
1 0.64140625 0.16171875 0.040625 0.09453125
0 0.72109375 0.05390625 0.05703125 0.10703125
0 0.45859375 0.35 0.06328125 0.07890625
0 0.6875 0.375 0.034375 0.05703125
0 0.74765625 0.396875 0.053125 0.05234375
0 0.81796875 0.3640625 0.0453125 0.06171875
0 0.7390625 0.56875 0.05703125 0.05625
0 0.809375 0.5671875 0.04140625 0.08046875
0 0.8453125 0.64609375 0.046875 0.05078125
0 0.88984375 0.5859375 0.0375 0.04609375
0 0.59609375 0.5296875 0.075 0.07265625
1 0.6546875 0.56015625 0.0359375 0.06171875
0 0.76484375 0.7140625 0.0375 0.04765625
0 0.88515625 0.7296875 0.04609375 0.0703125
0 0.23125 0.6265625 0.05078125 0.046875
0 0.23125 0.546875 0.078125 0.08828125
0 0.31328125 0.5046875 0.05859375 0.115625
0 0.0296875 0.48984375 0.0359375 0.08125
0 0.0875 0.49375 0.05859375 0.08046875
0 0.1390625 0.60703125 0.0671875 0.09296875
0 0.30625 0.79453125 0.0796875 0.09296875
0 0.27734375 0.69921875 0.05390625 0.04921875
0 0.44375 0.5421875 0.075 0.08359375
0 0.4953125 0.459375 0.0875 0.09609375
1 0.4609375 0.70546875 0.07265625 0.0703125
0 0.525 0.625 0.09453125 0.04375
0 0.06328125 0.715625 0.071875 0.08671875
0 0.11328125 0.90625 0.078125 0.09375
1 0.21015625 0.85625 0.07109375 0.07734375
0 0.09140625 0.80625 0.0796875 0.05390625
0 0.1375 0.8375 0.06953125 0.05703125
0 0.51484375 0.79453125 0.05546875 0.07890625