1 0.09609375 0.3796875 0.075 0.09765625
1 0.08125 0.50859375 0.0640625 0.06953125
1 0.11640625 0.4421875 0.04453125 0.0484375
1 0.14921875 0.3703125 0.075 0.128125
0 0.0609375 0.14765625 0.04921875 0.0484375
0 0.1265625 0.125 0.0640625 0.0890625
1 0.20625 0.08984375 0.05 0.06328125
1 0.2625 0.2734375 0.0734375 0.08203125
1 0.3421875 0.20390625 0.08515625 0.071875
1 0.2421875 0.115625 0.06015625 0.05546875
1 0.24296875 0.38671875 0.03828125 0.0625
1 0.28046875 0.321875 0.0515625 0.04921875
1 0.26328125 0.6359375 0.05703125 0.12421875
1 0.3390625 0.4875 0.06015625 0.11796875
1 0.3796875 0.61328125 0.053125 0.109375
1 0.69140625 0.95390625 0.05546875 0.0859375
1 0.59453125 0.2578125 0.08125 0.0734375
1 0.73515625 0.0828125 0.06328125 0.0984375
1 0.8109375 0.26484375 0.0484375 0.078125
0 0.76484375 0.371875 0.06484375 0.0640625
0 0.82265625 0.41484375 0.0421875 0.07421875
1 0.86796875 0.35078125 0.05625 0.0625
0 0.86875 0.22578125 0.0484375 0.08046875
0 0.90390625 0.125 0.0515625 0.07109375
1 0.9390625 0.046875 0.05625 0.07890625
1 0.97890625 0.0453125 0.0421875 0.090625
0 0.86796875 0.88984375 0.06953125 0.07421875
1 0.9484375 0.8703125 0.103125 0.08125
0 0.9609375 0.18203125 0.07734375 0.07265625
0 0.05859375 0.08203125 0.0890625 0.06875
0 0.1703125 0.0140625 0.071875 0.028125
0 0.34765625 0.1171875 0.046875 0.05078125
0 0.3578125 0.36328125 0.0625 0.09140625
0 0.39140625 0.0890625 0.05859375 0.065625
0 0.50625 0.0671875 0.05078125 0.0484375
0 0.403125 0.20546875 0.0640625 0.075
0 0.1125 0.640625 0.04921875 0.0796875
0 0.52109375 0.57890625 0.07734375 0.08125
0 0.57890625 0.6078125 0.05859375 0.04140625
0 0.73828125 0.63515625 0.06484375 0.0734375
1 0.9453125 0.50078125 0.0546875 0.0671875
1 0.7265625 0.465625 0.059375 0.059375
0 0.5875 0.4671875 0.05859375 0.0625
0 0.68125 0.4171875 0.071875 0.06171875
0 0.87890625 0.4671875 0.065625 0.040625
0 0.60703125 0.09765625 0.0484375 0.0734375
0 0.24921875 0.03125 0.04296875 0.0625
0 0.3171875 0.03671875 0.05703125 0.06328125
0 0.665625 0.265625 0.0671875 0.0796875
0 0.9296875 0.7421875 0.078125 0.1171875