1 0.0515625 0.45 0.0484375 0.078125
1 0.128125 0.4234375 0.0984375 0.07890625
1 0.1625 0.346875 0.0421875 0.071875
1 0.03203125 0.29921875 0.0640625 0.08828125
1 0.075 0.2703125 0.0515625 0.084375
1 0.06640625 0.215625 0.0515625 0.05078125
1 0.096875 0.19921875 0.03671875 0.06640625
1 0.2234375 0.01953125 0.0625 0.0390625
0 0.390625 0.0359375 0.04375 0.05703125
1 0.44140625 0.0328125 0.0484375 0.065625
0 0.5046875 0.20078125 0.0484375 0.125
1 0.51875 0.0734375 0.05390625 0.065625
1 0.56328125 0.02421875 0.09375 0.0484375
1 0.58125 0.06328125 0.06796875 0.08984375
1 0.64296875 0.02578125 0.0703125 0.0515625
1 0.709375 0.015625 0.05 0.03125
1 0.14375 0.63984375 0.08203125 0.06015625
0 0.171875 0.82734375 0.05703125 0.09140625
0 0.15234375 0.7421875 0.0671875 0.0640625
1 0.16875 0.678125 0.04296875 0.0515625
0 0.23046875 0.6859375 0.05 0.06328125
1 0.2359375 0.6171875 0.0375 0.0734375
1 0.37109375 0.4921875 0.03125 0.03203125
0 0.45390625 0.78203125 0.05390625 0.071875
1 0.5296875 0.76796875 0.02734375 0.034375
1 0.2328125 0.8828125 0.07109375 0.06875
1 0.278125 0.82578125 0.0828125 0.09296875
0 0.2140625 0.77578125 0.0515625 0.07265625
1 0.3046875 0.753125 0.05546875 0.0890625
1 0.36875 0.79453125 0.053125 0.0484375
1 0.365625 0.74921875 0.06953125 0.06875
0 0.5203125 0.515625 0.0890625 0.09296875
0 0.6109375 0.47734375 0.06484375 0.0609375
1 0.5921875 0.41328125 0.03125 0.03515625
1 0.6828125 0.61796875 0.03046875 0.065625
1 0.76171875 0.5546875 0.08125 0.09453125
1 0.625 0.58515625 0.065625 0.165625
1 0.73359375 0.4890625 0.0515625 0.06171875
1 0.78203125 0.4609375 0.0546875 0.10390625
1 0.7890625 0.08984375 0.0453125 0.0484375
1 0.79296875 0.0453125 0.04453125 0.0625
1 0.83046875 0.0328125 0.065625 0.065625
1 0.909375 0.05625 0.059375 0.04921875
1 0.8859375 0.021875 0.053125 0.04375
0 0.60625 0.95625 0.05078125 0.0765625
0 0.6640625 0.95625 0.06796875 0.07265625
1 0.72421875 0.93125 0.05546875 0.06328125
0 0.68984375 0.828125 0.0484375 0.06953125
1 0.78203125 0.82890625 0.071875 0.121875
1 0.78359375 0.7265625 0.04375 0.05078125
1 0.80625 0.69921875 0.040625 0.04921875
1 0.903125 0.77890625 0.1265625 0.16875
1 0.871875 0.64609375 0.04609375 0.059375
1 0.93671875 0.74140625 0.05546875 0.16484375
1 0.98203125 0.7546875 0.03515625 0.08828125
1 0.6375 0.7421875 0.05078125 0.08515625
0 0.43984375 0.98125 0.07109375 0.0375
0 0.49609375 0.934375 0.0546875 0.059375
0 0.3359375 0.42265625 0.03671875 0.040625
0 0.1015625 0.55234375 0.08671875 0.09453125
0 0.1890625 0.57109375 0.05546875 0.06484375
0 0.18515625 0.49453125 0.0484375 0.0640625
0 0.20234375 0.39140625 0.04609375 0.04140625
1 0.13203125 0.24140625 0.0484375 0.075
0 0.190625 0.24765625 0.0546875 0.06953125
0 0.18671875 0.153125 0.05546875 0.090625
0 0.3109375 0.20234375 0.0640625 0.078125
0 0.371875 0.184375 0.04609375 0.0421875
0 0.30859375 0.01796875 0.04453125 0.03125
0 0.696875 0.30078125 0.04921875 0.05078125
0 0.5671875 0.196875 0.04453125 0.05390625
0 0.80234375 0.2796875 0.0421875 0.05390625
0 0.84453125 0.36015625 0.06796875 0.0890625
0 0.94140625 0.3625 0.04296875 0.04140625
0 0.6578125 0.20234375 0.08203125 0.07890625
0 0.6515625 0.40546875 0.03359375 0.0515625
0 0.41875 0.54765625 0.0375 0.05390625
0 0.36875 0.6796875 0.040625 0.05078125
0 0.44140625 0.640625 0.04296875 0.05703125
0 0.79609375 0.97109375 0.0640625 0.0578125