1 0.109375 0.2453125 0.09765625 0.13203125
1 0.35078125 0.33125 0.08984375 0.11640625
1 0.52734375 0.26953125 0.0625 0.07890625
0 0.19453125 0.5734375 0.053125 0.10078125
1 0.29609375 0.4765625 0.06015625 0.09453125
1 0.27109375 0.6171875 0.06796875 0.0953125
1 0.03359375 0.48515625 0.0671875 0.0921875
1 0.85 0.5 0.065625 0.09296875
0 0.61796875 0.55234375 0.04765625 0.103125
0 0.678125 0.57890625 0.034375 0.071875
1 0.6890625 0.52265625 0.04609375 0.0625
1 0.01484375 0.9234375 0.0296875 0.0625
1 0.13046875 0.91953125 0.05546875 0.0578125
1 0.65703125 0.81953125 0.04140625 0.115625
1 0.7609375 0.85625 0.0734375 0.1171875
1 0.765625 0.759375 0.0609375 0.0890625
1 0.3171875 0.0421875 0.053125 0.084375
0 0.590625 0.7234375 0.0640625 0.0796875
0 0.57734375 0.6328125 0.0375 0.0734375
0 0.371875 0.509375 0.08671875 0.09296875
0 0.4828125 0.190625 0.071875 0.07265625
0 0.69140625 0.15859375 0.06953125 0.09765625
0 0.9375 0.18125 0.04453125 0.053125
0 0.94609375 0.09453125 0.078125 0.071875
0 0.915625 0.3703125 0.03125 0.06640625
0 0.65 0.965625 0.06640625 0.06875
0 0.47109375 0.9125 0.05703125 0.046875
0 0.521875 0.94921875 0.04375 0.0625
0 0.03125 0.70859375 0.053125 0.0765625
0 0.6875 0.06171875 0.04453125 0.06953125
0 0.26328125 0.228125 0.065625 0.0578125
0 0.01953125 0.8515625 0.0390625 0.1
0 0.57265625 0.4671875 0.05 0.090625
0 0.82734375 0.690625 0.0546875 0.0625
0 0.625 0.3234375 0.0484375 0.0609375