1 0.04375 0.0890625 0.08671875 0.1109375
0 0.3421875 0.11015625 0.0859375 0.04453125
1 0.3109375 0.03671875 0.0546875 0.0734375
1 0.49921875 0.02578125 0.078125 0.0515625
0 0.5234375 0.10234375 0.06328125 0.07421875
1 0.59296875 0.0375 0.06953125 0.075
0 0.90859375 0.0921875 0.07109375 0.1125
1 0.97578125 0.084375 0.0484375 0.1
1 0.1828125 0.30546875 0.12265625 0.075
1 0.29609375 0.353125 0.04609375 0.08984375
1 0.3578125 0.359375 0.0625 0.096875
1 0.625 0.30703125 0.0625 0.121875
1 0.6859375 0.36953125 0.0765625 0.121875
0 0.18984375 0.61171875 0.07578125 0.10625
1 0.2734375 0.51953125 0.06875 0.0828125
1 0.7109375 0.540625 0.06328125 0.071875
1 0.59765625 0.903125 0.078125 0.0953125
1 0.7328125 0.94765625 0.040625 0.04140625
1 0.790625 0.93046875 0.03515625 0.0609375
1 0.25390625 0.6609375 0.0375 0.06171875
1 0.2953125 0.63515625 0.05 0.0515625
1 0.11015625 0.90078125 0.08984375 0.109375
1 0.2 0.80078125 0.06953125 0.10546875
0 0.03671875 0.73515625 0.07265625 0.11640625
1 0.12890625 0.7546875 0.08359375 0.08828125
1 0.38046875 0.96484375 0.05546875 0.0671875
0 0.4171875 0.8890625 0.075 0.09765625
1 0.40390625 0.80703125 0.05234375 0.06484375
1 0.01953125 0.9046875 0.0390625 0.1125
1 0.0109375 0.83359375 0.021875 0.0296875
1 0.221875 0.9546875 0.0546875 0.06953125
1 0.29453125 0.9640625 0.0796875 0.071875
1 0.98203125 0.44375 0.03515625 0.06953125
0 0.19140625 0.1890625 0.06953125 0.0546875
0 0.16015625 0.1203125 0.06484375 0.06640625
0 0.14375 0.02734375 0.1 0.0546875
0 0.26953125 0.2515625 0.0703125 0.0609375
0 0.0953125 0.51953125 0.090625 0.046875
0 0.1015625 0.45625 0.07734375 0.0671875
0 0.5375 0.23984375 0.07421875 0.103125
1 0.57734375 0.47890625 0.0515625 0.0859375
0 0.675 0.13046875 0.07265625 0.1171875
0 0.3546875 0.709375 0.053125 0.078125
0 0.44609375 0.68671875 0.0609375 0.07734375
0 0.49609375 0.80078125 0.08515625 0.06953125
0 0.2734375 0.828125 0.05546875 0.09765625
1 0.16015625 0.96796875 0.0609375 0.0640625
1 0.6140625 0.98125 0.07109375 0.0375
0 0.89765625 0.71796875 0.07109375 0.10859375
0 0.8625 0.953125 0.0734375 0.08828125
0 0.95625 0.87890625 0.071875 0.1046875
0 0.73046875 0.85234375 0.05859375 0.06484375
0 0.740625 0.78203125 0.0609375 0.07265625
0 0.6078125 0.803125 0.0546875 0.065625
0 0.8765625 0.38046875 0.0609375 0.090625
0 0.815625 0.2453125 0.04609375 0.07890625