1 0.08125 0.0140625 0.09375 0.028125
1 0.1890625 0.08671875 0.153125 0.1015625
1 0.221875 0.0359375 0.08671875 0.071875
1 0.38359375 0.01640625 0.0453125 0.0328125
1 0.46796875 0.10078125 0.13125 0.08046875
1 0.475 0.0359375 0.09140625 0.071875
1 0.628125 0.06328125 0.06328125 0.11640625
1 0.7125 0.021875 0.0625 0.04375
1 0.76640625 0.03828125 0.04453125 0.0765625
1 0.27734375 0.2890625 0.04453125 0.046875
1 0.69765625 0.246875 0.06796875 0.06796875
1 0.7765625 0.2328125 0.09609375 0.09453125
1 0.91875 0.32890625 0.07265625 0.103125
1 0.96875 0.2875 0.053125 0.096875
1 0.03671875 0.51328125 0.04609375 0.084375
1 0.03984375 0.4359375 0.04765625 0.125
1 0.021875 0.63046875 0.04375 0.08984375
1 0.08046875 0.546875 0.0703125 0.12421875
1 0.07890625 0.75078125 0.0765625 0.07734375
1 0.16875 0.97421875 0.10390625 0.05078125
1 0.46640625 0.95390625 0.1234375 0.0921875
1 0.14609375 0.5 0.09921875 0.14296875
1 0.12265625 0.40390625 0.05703125 0.07890625
1 0.18828125 0.64375 0.06796875 0.0953125
1 0.20390625 0.553125 0.05859375 0.096875
1 0.24765625 0.53984375 0.04296875 0.1140625
1 0.596875 0.62578125 0.09453125 0.08125
1 0.678125 0.53359375 0.09609375 0.09375
1 0.80390625 0.45859375 0.06640625 0.08671875
1 0.3796875 0.4265625 0.04921875 0.071875
1 0.3703125 0.56328125 0.06953125 0.11640625
1 0.43515625 0.5625 0.05703125 0.125
1 0.44765625 0.46875 0.06796875 0.09765625
1 0.53671875 0.58203125 0.08984375 0.0609375
0 0.3421875 0.86328125 0.08125 0.07421875
0 0.49921875 0.33125 0.06015625 0.05546875
0 0.9234375 0.15 0.0515625 0.05390625
1 0.7046875 0.625 0.04296875 0.04765625
1 0.6734375 0.8078125 0.06953125 0.1375
0 0.0390625 0.32578125 0.05546875 0.084375