1 0.03515625 0.0375 0.06484375 0.06484375
1 0.09375 0.575 0.04375 0.0546875
1 0.14765625 0.63125 0.053125 0.05234375
1 0.18203125 0.5546875 0.059375 0.07734375
1 0.1296875 0.42890625 0.0359375 0.05703125
0 0.809375 0.05625 0.125 0.1125
1 0.8578125 0.02421875 0.0578125 0.0484375
0 0.79765625 0.17109375 0.06796875 0.09140625
1 0.903125 0.090625 0.05 0.1125
1 0.93359375 0.02890625 0.07109375 0.05703125
1 0.6875 0.1109375 0.08828125 0.0921875
0 0.459375 0.3 0.0515625 0.0671875
1 0.54140625 0.21015625 0.07734375 0.084375
0 0.5359375 0.34296875 0.0625 0.0828125
1 0.59609375 0.2671875 0.05703125 0.04140625
1 0.4234375 0.67890625 0.12265625 0.09296875
1 0.21640625 0.70546875 0.034375 0.0359375
1 0.30859375 0.6328125 0.08515625 0.07734375
1 0.39140625 0.8 0.0765625 0.121875
1 0.5390625 0.6890625 0.059375 0.06875
1 0.2390625 0.56640625 0.05703125 0.07421875
1 0.34921875 0.565625 0.0640625 0.08046875
1 0.38046875 0.521875 0.08125 0.07421875
1 0.5015625 0.93828125 0.09140625 0.0890625
1 0.51015625 0.934375 0.0421875 0.05
1 0.59296875 0.86015625 0.06953125 0.090625
1 0.1046875 0.73125 0.075 0.0640625
1 0.77421875 0.94140625 0.05703125 0.06875
1 0.64921875 0.96171875 0.0765625 0.0765625
0 0.29921875 0.3515625 0.0359375 0.0546875
0 0.34140625 0.29765625 0.065625 0.0671875
0 0.38984375 0.25078125 0.0375 0.0359375
1 0.43359375 0.20078125 0.07109375 0.07421875
0 0.16953125 0.3484375 0.0484375 0.04921875
0 0.25234375 0.38828125 0.04765625 0.0484375
0 0.2328125 0.83046875 0.03203125 0.053125
0 0.503125 0.45703125 0.08515625 0.11875
0 0.678125 0.4953125 0.06015625 0.08828125
0 0.21875 0.12734375 0.053125 0.075
0 0.29375 0.21875 0.046875 0.06640625
0 0.353125 0.14296875 0.03515625 0.09296875
0 0.24453125 0.0140625 0.06328125 0.02265625
0 0.36796875 0.02109375 0.0328125 0.0421875
0 0.9515625 0.13203125 0.04921875 0.09765625
0 0.97734375 0.08828125 0.0453125 0.0859375
1 0.4609375 0.12109375 0.08671875 0.09453125
0 0.51328125 0.0421875 0.065625 0.084375
0 0.65546875 0.71328125 0.0515625 0.08515625
0 0.675 0.7984375 0.05546875 0.0640625
0 0.73671875 0.70546875 0.05703125 0.07890625
0 0.77890625 0.62109375 0.05234375 0.0796875
0 0.77734375 0.5328125 0.05390625 0.1
0 0.665625 0.25703125 0.07109375 0.1375
0 0.8046875 0.38125 0.078125 0.078125
0 0.9203125 0.48125 0.03203125 0.06796875
0 0.85859375 0.60390625 0.0421875 0.08984375
0 0.890625 0.8546875 0.11015625 0.09140625
0 0.921875 0.79453125 0.0796875 0.05703125
0 0.93359375 0.71484375 0.0890625 0.0984375
0 0.559375 0.615625 0.10859375 0.046875
0 0.5484375 0.5390625 0.0734375 0.09140625
0 0.7109375 0.87578125 0.05546875 0.09921875
0 0.79765625 0.8609375 0.08515625 0.06484375
0 0.93046875 0.9515625 0.1390625 0.096875
0 0.97578125 0.490625 0.0484375 0.08828125
0 0.90703125 0.3171875 0.08125 0.1203125
0 0.98671875 0.30234375 0.0265625 0.090625