1 0.01015625 0.18359375 0.0203125 0.0859375
0 0.08515625 0.14609375 0.07109375 0.05859375
0 0.128125 0.1 0.059375 0.0609375
0 0.053125 0.05390625 0.04296875 0.075
0 0.11171875 0.03203125 0.053125 0.0640625
0 0.20625 0.10234375 0.040625 0.03828125
1 0.18125 0.03359375 0.025 0.0671875
1 0.34296875 0.01640625 0.0421875 0.0328125
1 0.778125 0.17890625 0.06796875 0.0671875
0 0.8734375 0.11484375 0.0484375 0.05
1 0.925 0.1203125 0.0375 0.0484375
0 0.9328125 0.590625 0.0828125 0.06484375
1 0.93828125 0.51484375 0.07578125 0.09140625
1 0.5828125 0.4140625 0.04765625 0.10859375
1 0.6609375 0.421875 0.05234375 0.06640625
0 0.19296875 0.64921875 0.04140625 0.05234375
0 0.221875 0.6109375 0.05078125 0.06015625
1 0.2125 0.53515625 0.0765625 0.09140625
1 0.05 0.7515625 0.09921875 0.0609375
1 0.11796875 0.6921875 0.065625 0.084375
1 0.08671875 0.815625 0.05703125 0.1125
1 0.1265625 0.878125 0.03828125 0.0625
1 0.1578125 0.7625 0.0828125 0.1
1 0.25546875 0.27890625 0.07265625 0.096875
0 0.7828125 0.4515625 0.0375 0.06796875
0 0.70078125 0.140625 0.05703125 0.06171875
0 0.75546875 0.66640625 0.07265625 0.0640625
0 0.7828125 0.5671875 0.0375 0.05859375
0 0.81953125 0.6078125 0.0484375 0.053125
0 0.846875 0.64296875 0.05859375 0.07109375
0 0.86796875 0.69609375 0.04765625 0.04375
0 0.9796875 0.67890625 0.040625 0.0765625
0 0.434375 0.196875 0.06484375 0.053125
0 0.4296875 0.115625 0.071875 0.109375
0 0.890625 0.0609375 0.05703125 0.0453125
0 0.04375 0.4109375 0.0609375 0.075
0 0.7203125 0.0296875 0.05546875 0.05859375
0 0.12890625 0.34140625 0.06953125 0.07890625
0 0.05546875 0.5375 0.0484375 0.0609375
0 0.54609375 0.728125 0.08203125 0.06640625
0 0.85625 0.83203125 0.046875 0.0828125
0 0.8859375 0.803125 0.04765625 0.0734375