1 0.28515625 0.61328125 0.07421875 0.10546875
1 0.39296875 0.6234375 0.0484375 0.06328125
1 0.41640625 0.57890625 0.05546875 0.06328125
1 0.45 0.6328125 0.03359375 0.05546875
1 0.46796875 0.56953125 0.0515625 0.07578125
1 0.2578125 0.92578125 0.040625 0.0640625
1 0.359375 0.86328125 0.065625 0.06015625
1 0.37578125 0.7828125 0.06796875 0.078125
1 0.8703125 0.91484375 0.0609375 0.0921875
0 0.365625 0.09765625 0.0703125 0.0375
1 0.34453125 0.04921875 0.0453125 0.05234375
0 0.9203125 0.171875 0.0625 0.06640625
1 0.90859375 0.10703125 0.05703125 0.07890625
1 0.4921875 0.67890625 0.0640625 0.09296875
1 0.55078125 0.653125 0.0609375 0.06875
1 0.078125 0.6265625 0.07109375 0.090625
1 0.14453125 0.3875 0.0703125 0.06875
0 0.45078125 0.43984375 0.07890625 0.07109375
0 0.55234375 0.38359375 0.0546875 0.08359375
0 0.628125 0.26484375 0.06796875 0.0734375
0 0.509375 0.10625 0.040625 0.0453125
0 0.478125 0.02734375 0.078125 0.0546875
0 0.90546875 0.265625 0.03359375 0.0515625
1 0.96796875 0.26015625 0.0640625 0.0765625
0 0.79921875 0.503125 0.04375 0.06875
0 0.80625 0.434375 0.05 0.08203125
0 0.84453125 0.5078125 0.0453125 0.06328125
1 0.5828125 0.59453125 0.04765625 0.0859375
1 0.653125 0.6140625 0.06015625 0.07578125
1 0.7203125 0.62734375 0.0609375 0.0890625
0 0.91875 0.6140625 0.0546875 0.071875
0 0.128125 0.315625 0.0421875 0.07265625
0 0.23046875 0.3390625 0.04921875 0.05703125
0 0.08515625 0.2765625 0.053125 0.0609375
0 0.165625 0.17734375 0.053125 0.06328125
0 0.278125 0.278125 0.0421875 0.06484375
0 0.54140625 0.59453125 0.0375 0.05859375
1 0.41171875 0.95625 0.0734375 0.0875
1 0.5359375 0.8921875 0.04453125 0.059375
1 0.6140625 0.84375 0.053125 0.05625
0 0.2765625 0.40078125 0.034375 0.0734375
0 0.32890625 0.36875 0.0625 0.07109375
1 0.7171875 0.7875 0.0578125 0.0609375
1 0.0390625 0.76484375 0.04609375 0.0640625
1 0.0828125 0.709375 0.0359375 0.046875
1 0.1234375 0.69140625 0.0453125 0.06484375
1 0.11875 0.8203125 0.05390625 0.0640625
1 0.5828125 0.46953125 0.071875 0.06796875
1 0.07265625 0.5140625 0.0640625 0.08046875
1 0.9 0.75625 0.040625 0.078125
1 0.9609375 0.8984375 0.07265625 0.071875
0 0.5953125 0.74375 0.05546875 0.08046875
0 0.728125 0.21796875 0.053125 0.0640625