1 0.12734375 0.02109375 0.0671875 0.0421875
1 0.56328125 0.15859375 0.06796875 0.0578125
0 0.621875 0.103125 0.05546875 0.11171875
1 0.675 0.134375 0.0375 0.0671875
1 0.71328125 0.0515625 0.07265625 0.071875
1 0.69921875 0.01328125 0.03984375 0.0265625
1 0.390625 0.29609375 0.05703125 0.05078125
1 0.165625 0.26171875 0.0359375 0.08046875
1 0.25078125 0.475 0.06796875 0.15
1 0.25078125 0.34609375 0.07578125 0.09375
1 0.16875 0.48828125 0.046875 0.05625
1 0.03671875 0.8859375 0.071875 0.07890625
1 0.0734375 0.83125 0.065625 0.0671875
1 0.275 0.715625 0.04453125 0.06484375
1 0.325 0.95 0.07734375 0.1
1 0.38671875 0.8859375 0.05 0.07109375
1 0.3796875 0.8203125 0.04921875 0.0734375
1 0.48046875 0.753125 0.04921875 0.040625
1 0.959375 0.284375 0.0515625 0.0953125
1 0.58828125 0.6828125 0.0546875 0.1203125
1 0.6296875 0.5671875 0.053125 0.10234375
1 0.58359375 0.4921875 0.06328125 0.134375
1 0.64765625 0.46953125 0.07109375 0.1078125
1 0.64765625 0.69609375 0.07109375 0.10546875
1 0.759375 0.66640625 0.04453125 0.0640625
1 0.7265625 0.56875 0.0734375 0.14921875
1 0.81171875 0.475 0.046875 0.10078125
1 0.39296875 0.69609375 0.08046875 0.10546875
0 0.6484375 0.89453125 0.07265625 0.07890625
1 0.69140625 0.8515625 0.03359375 0.07265625
1 0.8125 0.16953125 0.0625 0.05703125
1 0.78515625 0.0921875 0.02890625 0.1125
1 0.88828125 0.0640625 0.0703125 0.128125
1 0.0359375 0.49765625 0.05234375 0.09765625
0 0.73125 0.94140625 0.05078125 0.0828125
0 0.95234375 0.61015625 0.0546875 0.0765625