1 0.02890625 0.0921875 0.034375 0.0546875
0 0.11953125 0.16640625 0.04609375 0.0640625
1 0.16484375 0.1375 0.04765625 0.06015625
1 0.209375 0.134375 0.04375 0.0890625
0 0.15859375 0.03671875 0.03984375 0.06328125
1 0.2171875 0.0421875 0.07578125 0.0734375
1 0.30234375 0.1640625 0.0765625 0.1
1 0.38203125 0.13828125 0.0625 0.084375
0 0.328125 0.053125 0.0578125 0.0875
0 0.38125 0.05390625 0.0515625 0.08515625
1 0.44140625 0.06640625 0.0515625 0.0921875
1 0.07421875 0.26953125 0.07578125 0.1046875
1 0.153125 0.296875 0.06796875 0.096875
1 0.2203125 0.40234375 0.05546875 0.08125
1 0.33046875 0.37890625 0.08828125 0.09609375
1 0.3578125 0.58203125 0.0453125 0.0609375
0 0.3078125 0.534375 0.04375 0.09375
1 0.36171875 0.53515625 0.034375 0.05546875
1 0.36796875 0.4703125 0.05703125 0.09140625
1 0.39453125 0.4125 0.03828125 0.075
1 0.5359375 0.2171875 0.09375 0.16171875
1 0.58125 0.1515625 0.05859375 0.11484375
1 0.72734375 0.04296875 0.096875 0.0859375
1 0.6671875 0.2734375 0.075 0.10390625
0 0.43203125 0.453125 0.0375 0.05703125
0 0.45234375 0.52890625 0.02890625 0.05234375
0 0.46875 0.46953125 0.0609375 0.071875
0 0.51796875 0.4421875 0.04375 0.0578125
0 0.49609375 0.6125 0.0234375 0.0453125
0 0.54453125 0.54140625 0.03046875 0.09140625
0 0.5484375 0.4703125 0.046875 0.05546875
0 0.640625 0.3921875 0.065625 0.06015625
1 0.7265625 0.325 0.05 0.11796875
1 0.9890625 0.0703125 0.021875 0.05546875
1 0.625 0.58046875 0.0359375 0.05703125
0 0.5890625 0.51640625 0.05234375 0.059375
1 0.615625 0.5484375 0.0296875 0.02890625
1 0.403125 0.64453125 0.05546875 0.08671875
1 0.41015625 0.54609375 0.0375 0.05078125
1 0.43125 0.70078125 0.0625 0.08828125
0 0.0296875 0.81875 0.03203125 0.0390625
1 0.09296875 0.7515625 0.078125 0.06875
0 0.0328125 0.70234375 0.0515625 0.06484375
1 0.090625 0.6828125 0.046875 0.06640625
1 0.16328125 0.74453125 0.04453125 0.090625
1 0.4453125 0.3859375 0.05 0.0515625
1 0.240625 0.33671875 0.06953125 0.07421875
0 0.34609375 0.32109375 0.04765625 0.034375
1 0.3359375 0.24765625 0.06015625 0.0703125
0 0.02734375 0.6453125 0.0546875 0.07109375
0 0.0921875 0.5890625 0.06796875 0.06953125
0 0.1484375 0.6359375 0.0515625 0.0875
0 0.1828125 0.6375 0.021875 0.07734375
0 0.2171875 0.74375 0.05390625 0.075
0 0.23046875 0.68203125 0.05859375 0.059375
0 0.08125 0.9015625 0.040625 0.05234375
0 0.27578125 0.9625 0.06484375 0.0484375
0 0.165625 0.95703125 0.08515625 0.06953125
0 0.428125 0.26953125 0.0515625 0.05546875
0 0.20625 0.253125 0.040625 0.059375
0 0.46171875 0.77421875 0.0390625 0.08359375
0 0.503125 0.7484375 0.05546875 0.103125
0 0.57734375 0.834375 0.04296875 0.06015625
0 0.6140625 0.8890625 0.0484375 0.08515625
0 0.6578125 0.9125 0.02890625 0.07421875
0 0.64921875 0.840625 0.0390625 0.06015625
0 0.69765625 0.89375 0.0375 0.0625
0 0.66875 0.6703125 0.02421875 0.0546875
0 0.7421875 0.71328125 0.03203125 0.059375
1 0.75859375 0.37734375 0.05703125 0.06640625
1 0.91484375 0.36796875 0.03046875 0.025
0 0.89453125 0.4890625 0.0390625 0.06171875
1 0.8921875 0.26484375 0.0375 0.0375
0 0.8015625 0.5984375 0.053125 0.053125
0 0.86796875 0.83359375 0.05625 0.05
0 0.94609375 0.83125 0.025 0.05
1 0.5296875 0.06484375 0.0859375 0.125