1 0.01875 0.21328125 0.03671875 0.09140625
0 0.82265625 0.46015625 0.0421875 0.0578125
1 0.859375 0.43046875 0.0515625 0.06484375
1 0.81484375 0.8578125 0.0296875 0.04140625
1 0.8671875 0.884375 0.04609375 0.08125
1 0.50546875 0.96640625 0.059375 0.06640625
0 0.521875 0.403125 0.03828125 0.0546875
0 0.54140625 0.50703125 0.04609375 0.05703125
0 0.60546875 0.134375 0.053125 0.05859375
0 0.2546875 0.6734375 0.065625 0.05234375
0 0.028125 0.7296875 0.0546875 0.075
0 0.0125 0.4046875 0.025 0.05390625
1 0.07421875 0.184375 0.09453125 0.1265625
1 0.03984375 0.91328125 0.0515625 0.0625
1 0.0359375 0.86953125 0.02265625 0.01484375
0 0.30546875 0.98203125 0.05546875 0.03515625
0 0.65625 0.60625 0.053125 0.0734375
0 0.4703125 0.8015625 0.04609375 0.02578125
0 0.5484375 0.76015625 0.05546875 0.059375
0 0.2203125 0.8140625 0.08203125 0.09609375
0 0.28203125 0.8359375 0.05859375 0.04609375
1 0.809375 0.803125 0.07265625 0.06171875
0 0.85625 0.70625 0.06015625 0.059375
0 0.865625 0.53046875 0.05546875 0.06015625
0 0.959375 0.63046875 0.078125 0.05
0 0.7109375 0.2578125 0.08203125 0.0375
0 0.9375 0.40234375 0.08359375 0.04921875
0 0.965625 0.3453125 0.06875 0.0515625
0 0.95546875 0.9546875 0.0484375 0.059375
0 0.846875 0.18671875 0.08125 0.0828125
0 0.93046875 0.2390625 0.11484375 0.0890625
0 0.334375 0.77109375 0.0609375 0.08984375
1 0.965625 0.78046875 0.0640625 0.06875