1 0.965625 0.05390625 0.06875 0.10703125
1 0.5671875 0.05 0.07109375 0.09375
1 0.4046875 0.071875 0.1390625 0.14296875
1 0.6046875 0.3296875 0.07890625 0.09140625
1 0.15234375 0.2703125 0.04453125 0.0390625
1 0.18359375 0.375 0.04921875 0.14296875
1 0.2859375 0.428125 0.0625 0.0875
1 0.04609375 0.81875 0.0921875 0.10546875
1 0.01875 0.92734375 0.0328125 0.08984375
1 0.121875 0.89921875 0.06484375 0.0921875
1 0.14375 0.98203125 0.0546875 0.03515625
1 0.38359375 0.70859375 0.05625 0.090625
1 0.46640625 0.6640625 0.08359375 0.09453125
1 0.37890625 0.6421875 0.0734375 0.06953125
1 0.39375 0.5921875 0.0640625 0.0625
1 0.8 0.6921875 0.07265625 0.08828125
1 0.946875 0.6296875 0.0625 0.13359375
1 0.92890625 0.7328125 0.0796875 0.09921875
1 0.525 0.953125 0.040625 0.09296875
1 0.58125 0.9484375 0.05 0.103125
1 0.575 0.865625 0.09921875 0.0875
1 0.32109375 0.84453125 0.05234375 0.121875
1 0.70859375 0.93125 0.08515625 0.10234375
1 0.45703125 0.2171875 0.13125 0.11640625
1 0.7125 0.08828125 0.05859375 0.09140625
0 0.034375 0.0390625 0.0328125 0.046875
0 0.85078125 0.53984375 0.06640625 0.06015625
0 0.25546875 0.94765625 0.05 0.059375
1 0.6296875 0.0359375 0.065625 0.071875
0 0.45625 0.384375 0.1125 0.13828125
0 0.65625 0.5015625 0.06171875 0.05546875
0 0.21015625 0.1609375 0.05390625 0.0671875
0 0.26796875 0.24375 0.04921875 0.08046875