1 0.02578125 0.23828125 0.0515625 0.0875
1 0.03359375 0.10625 0.0390625 0.09140625
1 0.071875 0.13828125 0.0546875 0.07421875
1 0.13046875 0.0921875 0.0375 0.04453125
0 0.11171875 0.30234375 0.04453125 0.0734375
1 0.1265625 0.22265625 0.03828125 0.09140625
1 0.1796875 0.1234375 0.04609375 0.06328125
1 0.1890625 0.02578125 0.0421875 0.0515625
1 0.1921875 0.225 0.075 0.0609375
1 0.2125 0.1453125 0.04453125 0.06640625
1 0.40859375 0.0515625 0.06640625 0.0890625
1 0.153125 0.27890625 0.05 0.0609375
1 0.4046875 0.41875 0.06328125 0.0875
0 0.059375 0.6859375 0.05 0.0765625
0 0.10703125 0.5953125 0.03984375 0.06953125
0 0.19765625 0.57578125 0.0515625 0.075
1 0.2390625 0.4875 0.04453125 0.10390625
1 0.215625 0.38125 0.09609375 0.14140625
1 0.3 0.28203125 0.0453125 0.05
1 0.36796875 0.325 0.05625 0.06484375
1 0.3375 0.2359375 0.04921875 0.0859375
0 0.45625 0.34765625 0.05546875 0.08203125
1 0.4421875 0.2578125 0.03984375 0.0734375
1 0.54296875 0.40390625 0.05390625 0.06953125
1 0.54609375 0.3046875 0.06015625 0.04140625
1 0.25625 0.14140625 0.046875 0.0984375
1 0.2453125 0.03515625 0.04765625 0.05546875
1 0.26953125 0.0609375 0.0421875 0.05
0 0.61796875 0.4421875 0.05234375 0.096875
0 0.678125 0.4359375 0.0515625 0.08125
0 0.6625 0.3671875 0.0390625 0.05078125
1 0.7171875 0.31875 0.07265625 0.0609375
1 0.84296875 0.31484375 0.05078125 0.05234375
0 0.2359375 0.81328125 0.04296875 0.06796875
0 0.18203125 0.97734375 0.0640625 0.0453125
0 0.21640625 0.9328125 0.07109375 0.04765625
0 0.278125 0.86171875 0.046875 0.06171875
1 0.28046875 0.7875 0.0328125 0.05234375
1 0.31875 0.83828125 0.02421875 0.08203125
1 0.3203125 0.765625 0.03203125 0.06171875
1 0.44296875 0.71875 0.05 0.0578125
1 0.61953125 0.771875 0.0328125 0.065625
1 0.64765625 0.86953125 0.0265625 0.0640625
0 0.77578125 0.52734375 0.0734375 0.0484375
0 0.8375 0.4546875 0.0578125 0.08671875
0 0.85703125 0.53203125 0.04375 0.06328125
0 0.20625 0.725 0.0453125 0.06015625
0 0.24609375 0.63125 0.0546875 0.06484375
0 0.059375 0.56640625 0.04609375 0.08203125
0 0.1328125 0.4640625 0.0421875 0.0609375
0 0.25234375 0.96796875 0.053125 0.0515625
1 0.31796875 0.965625 0.028125 0.0640625
0 0.025 0.90078125 0.05 0.06484375
0 0.1296875 0.87421875 0.0484375 0.05078125
0 0.09296875 0.7515625 0.04296875 0.06953125
0 0.15078125 0.778125 0.0640625 0.07421875
0 0.596875 0.09453125 0.059375 0.05
0 0.709375 0.04375 0.06015625 0.06875
0 0.884375 0.04296875 0.04453125 0.0625
0 0.57734375 0.15 0.05546875 0.071875
0 0.925 0.1328125 0.04609375 0.07265625
0 0.97578125 0.4765625 0.0484375 0.1
0 0.81953125 0.84453125 0.0671875 0.071875
1 0.9734375 0.95078125 0.053125 0.0953125