1 0.10859375 0.225 0.078125 0.0921875
1 0.00625 0.10625 0.01171875 0.05546875
1 0.240625 0.33359375 0.08828125 0.07265625
1 0.43984375 0.1875 0.09765625 0.10078125
1 0.54375 0.11015625 0.06875 0.0984375
1 0.603125 0.0921875 0.04921875 0.1078125
1 0.70546875 0.0484375 0.0484375 0.096875
0 0.05859375 0.64140625 0.07109375 0.08984375
0 0.14375 0.6140625 0.0640625 0.07578125
1 0.24453125 0.52734375 0.059375 0.04921875
1 0.64453125 0.3984375 0.06953125 0.121875
0 0.86328125 0.27421875 0.0609375 0.0734375
1 0.93828125 0.26015625 0.071875 0.08671875
0 0.23515625 0.940625 0.06328125 0.090625
0 0.221875 0.85703125 0.07265625 0.0796875
1 0.27734375 0.76796875 0.09765625 0.125
1 0.05703125 0.8234375 0.059375 0.07890625
0 0.3828125 0.94140625 0.08671875 0.0828125
1 0.44140625 0.89921875 0.0375 0.034375
1 0.05234375 0.93828125 0.0765625 0.0671875
0 0.03046875 0.365625 0.05546875 0.09140625
0 0.0421875 0.115625 0.0390625 0.0609375
0 0.48125 0.35546875 0.07265625 0.071875
0 0.528125 0.81015625 0.0421875 0.0703125
0 0.8390625 0.846875 0.11875 0.0859375
0 0.2921875 0.4578125 0.06484375 0.07109375
0 0.10859375 0.50625 0.078125 0.09140625
0 0.1078125 0.80234375 0.0546875 0.11328125
0 0.4109375 0.7796875 0.05234375 0.0625
0 0.2765625 0.025 0.06015625 0.05
0 0.4671875 0.071875 0.04609375 0.08515625
0 0.653125 0.9203125 0.09609375 0.07109375
1 0.97734375 0.56015625 0.04375 0.0875