0 0.475 0.20703125 0.065625 0.13203125
1 0.5375 0.165625 0.06015625 0.06640625
1 0.03046875 0.11953125 0.0515625 0.06875
0 0.04140625 0.4265625 0.05546875 0.08984375
1 0.00859375 0.38515625 0.0171875 0.059375
0 0.3109375 0.378125 0.0625 0.08046875
0 0.3640625 0.39453125 0.053125 0.046875
1 0.421875 0.315625 0.0875 0.06875
1 0.4265625 0.2703125 0.0390625 0.0390625
1 0.146875 0.33203125 0.0515625 0.07890625
1 0.16171875 0.2671875 0.08203125 0.0734375
1 0.26328125 0.23515625 0.065625 0.07265625
0 0.03125 0.61171875 0.06171875 0.08046875
0 0.03125 0.5140625 0.053125 0.0859375
1 0.1078125 0.409375 0.08046875 0.08125
0 0.44765625 0.484375 0.04609375 0.07109375
1 0.509375 0.40234375 0.06640625 0.0890625
1 0.41484375 0.6171875 0.065625 0.07734375
1 0.2234375 0.94453125 0.05859375 0.1109375
1 0.275 0.9734375 0.06640625 0.053125
1 0.4453125 0.853125 0.06875 0.06640625
1 0.48125 0.8046875 0.0546875 0.04140625
0 0.43984375 0.68671875 0.0578125 0.06875
1 0.51171875 0.6828125 0.06796875 0.0703125
1 0.509375 0.6203125 0.071875 0.0703125
1 0.4953125 0.56640625 0.05703125 0.07421875
1 0.096875 0.52421875 0.02734375 0.03828125
0 0.18671875 0.19296875 0.05078125 0.06796875
0 0.25078125 0.13203125 0.06796875 0.0890625
0 0.17109375 0.10234375 0.078125 0.0703125
0 0.73671875 0.62578125 0.06171875 0.0953125
0 0.73984375 0.7265625 0.05078125 0.06875
0 0.13046875 0.49609375 0.04140625 0.07578125
0 0.18125 0.5171875 0.0578125 0.09140625
1 0.215625 0.47578125 0.08203125 0.0625
0 0.19765625 0.6734375 0.05 0.06484375
0 0.25546875 0.6625 0.07734375 0.0609375
0 0.2609375 0.57421875 0.05234375 0.0765625
0 0.76171875 0.296875 0.05390625 0.08828125
0 0.584375 0.58359375 0.0515625 0.06875
0 0.1171875 0.87578125 0.06015625 0.10703125
0 0.1203125 0.76328125 0.06171875 0.0703125
0 0.11875 0.64765625 0.04375 0.0765625
0 0.29375 0.9046875 0.046875 0.06796875