1 0.58828125 0.8015625 0.06875 0.1296875
1 0.05 0.56875 0.0546875 0.05234375
1 0.0265625 0.51953125 0.05234375 0.1046875
1 0.115625 0.56328125 0.0421875 0.08515625
1 0.096875 0.47578125 0.0453125 0.0625
1 0.15078125 0.4484375 0.0859375 0.11484375
1 0.1640625 0.41171875 0.05546875 0.07265625
0 0.4828125 0.31015625 0.06796875 0.0875
1 0.52734375 0.23125 0.01875 0.0453125
1 0.5609375 0.265625 0.01875 0.03984375
1 0.8078125 0.60234375 0.05703125 0.04296875
1 0.79765625 0.9578125 0.05 0.084375
1 0.8640625 0.9765625 0.0625 0.04609375
1 0.04140625 0.6265625 0.0828125 0.0625
1 0.021875 0.96796875 0.04375 0.0640625
1 0.03359375 0.890625 0.0671875 0.09375
1 0.01875 0.8203125 0.03671875 0.0859375
1 0.0625 0.778125 0.0625 0.06875
1 0.121875 0.71015625 0.06875 0.0984375
1 0.271875 0.7890625 0.065625 0.1
1 0.1453125 0.80546875 0.08359375 0.0828125
1 0.07890625 0.95390625 0.0828125 0.0921875
1 0.20703125 0.96796875 0.06953125 0.0640625
1 0.43828125 0.97890625 0.071875 0.0421875
0 0.55078125 0.93828125 0.04296875 0.0671875
1 0.603125 0.93984375 0.05859375 0.096875
1 0.6671875 0.91953125 0.06640625 0.11484375
1 0.83828125 0.66640625 0.04609375 0.05
0 0.1578125 0.9109375 0.078125 0.07109375
0 0.21171875 0.66875 0.078125 0.0875
0 0.27109375 0.69765625 0.06328125 0.090625
0 0.3671875 0.79296875 0.04609375 0.07578125
0 0.41484375 0.7234375 0.0390625 0.0578125
0 0.45234375 0.71015625 0.06015625 0.06640625
0 0.2203125 0.51640625 0.046875 0.071875
0 0.22734375 0.43515625 0.05703125 0.06953125
0 0.7328125 0.47578125 0.040625 0.0484375
0 0.81640625 0.4703125 0.05625 0.06953125
0 0.79609375 0.4015625 0.06015625 0.075
0 0.48984375 0.165625 0.0453125 0.06640625
0 0.16640625 0.03046875 0.0859375 0.06015625
0 0.23125 0.04453125 0.04140625 0.07890625
0 0.29453125 0.0203125 0.0796875 0.040625
0 0.0234375 0.1265625 0.0421875 0.07265625
0 0.4046875 0.078125 0.08046875 0.0578125
0 0.5390625 0.11015625 0.06015625 0.0546875
0 0.5625 0.05703125 0.0609375 0.0640625
1 0.6375 0.09375 0.04609375 0.05234375
0 0.73671875 0.08828125 0.0796875 0.06328125
0 0.80078125 0.059375 0.0875 0.0859375
0 0.98125 0.334375 0.0375 0.06015625
0 0.9296875 0.55703125 0.06484375 0.06796875
0 0.9359375 0.5046875 0.04921875 0.071875
0 0.97734375 0.43046875 0.0453125 0.0453125
0 0.5703125 0.5140625 0.05546875 0.06796875
0 0.6296875 0.41484375 0.07109375 0.05234375
0 0.7828125 0.31640625 0.08671875 0.0640625
0 0.84296875 0.246875 0.06953125 0.06015625
1 0.5984375 0.69609375 0.03125 0.0609375
1 0.6546875 0.828125 0.040625 0.05703125
0 0.7609375 0.8703125 0.0390625 0.05234375
1 0.9140625 0.85234375 0.05078125 0.0875
1 0.28671875 0.3296875 0.0671875 0.04296875
1 0.3765625 0.3 0.06875 0.0359375
1 0.08046875 0.384375 0.05703125 0.0578125
1 0.0734375 0.309375 0.078125 0.0859375
0 0.8859375 0.6046875 0.06015625 0.075
0 0.871875 0.76484375 0.04609375 0.06953125
0 0.98984375 0.82890625 0.01953125 0.0671875