1 0.02265625 0.09765625 0.0453125 0.0703125
1 0.11953125 0.16953125 0.0375 0.065625
1 0.1390625 0.08203125 0.0453125 0.07890625
1 0.08984375 0.03203125 0.04453125 0.05
1 0.0171875 0.41953125 0.034375 0.0703125
1 0.015625 0.353125 0.03125 0.06640625
0 0.05859375 0.3203125 0.0671875 0.0953125
1 0.159375 0.24453125 0.0546875 0.0640625
1 0.29296875 0.40546875 0.08046875 0.08671875
1 0.32734375 0.3546875 0.05546875 0.05234375
1 0.0484375 0.52109375 0.08359375 0.09453125
1 0.01640625 0.85703125 0.0328125 0.0984375
1 0.121875 0.76953125 0.0734375 0.096875
1 0.29765625 0.540625 0.06328125 0.084375
1 0.353125 0.66171875 0.05703125 0.1125
1 0.2171875 0.86640625 0.05 0.1109375
1 0.50546875 0.80078125 0.09921875 0.07421875
1 0.53125 0.7390625 0.065625 0.1078125
1 0.35390625 0.9609375 0.08671875 0.07734375
1 0.6734375 0.1921875 0.0375 0.09375
0 0.65390625 0.33359375 0.04765625 0.08671875
0 0.7125 0.3203125 0.04453125 0.09140625
1 0.78515625 0.24765625 0.078125 0.0515625
1 0.75625 0.165625 0.075 0.1015625
0 0.590625 0.084375 0.04609375 0.05625
1 0.71484375 0.1078125 0.01875 0.02734375
1 0.515625 0.4328125 0.0390625 0.0703125
0 0.57890625 0.525 0.04453125 0.07578125
0 0.62734375 0.4609375 0.065625 0.10390625
1 0.6828125 0.4921875 0.03359375 0.07265625
1 0.8421875 0.49296875 0.03203125 0.07890625
0 0.8265625 0.3125 0.04921875 0.075
0 0.584375 0.37734375 0.04765625 0.07109375
0 0.596875 0.3015625 0.05859375 0.08984375
0 0.2796875 0.76640625 0.0578125 0.071875
0 0.359375 0.81015625 0.05234375 0.065625
0 0.4875 0.10625 0.0375 0.0375
0 0.52734375 0.05859375 0.0625 0.05390625
0 0.6453125 0.06015625 0.08359375 0.06171875
0 0.3671875 0.48671875 0.1 0.10234375
0 0.65625 0.9359375 0.053125 0.05
0 0.69296875 0.85234375 0.06328125 0.08828125
0 0.62265625 0.68203125 0.05703125 0.090625
0 0.909375 0.6359375 0.0328125 0.05703125
0 0.9703125 0.63125 0.0375 0.05234375
0 0.93671875 0.8234375 0.1 0.10078125
0 0.94765625 0.92265625 0.1046875 0.08046875