1 0.27734375 0.2421875 0.08046875 0.1046875
0 0.375 0.14765625 0.115625 0.08828125
0 0.4125 0.278125 0.03359375 0.0734375
0 0.4125 0.2078125 0.0515625 0.05703125
1 0.440625 0.11171875 0.04609375 0.04453125
1 0.07421875 0.16328125 0.071875 0.084375
1 0.06640625 0.078125 0.0734375 0.06171875
1 0.009375 0.50078125 0.01875 0.059375
1 0.01171875 0.4515625 0.021875 0.04453125
1 0.25 0.4765625 0.0484375 0.06484375
1 0.2453125 0.6421875 0.06171875 0.07265625
0 0.0328125 0.75234375 0.0609375 0.1109375
0 0.06171875 0.85546875 0.0421875 0.08046875
1 0.1046875 0.771875 0.08359375 0.08828125
1 0.015625 0.87734375 0.03046875 0.084375
0 0.59375 0.63515625 0.07890625 0.0953125
1 0.63125 0.59296875 0.04765625 0.109375
0 0.28046875 0.3734375 0.0515625 0.071875
0 0.365625 0.29453125 0.05234375 0.10546875
1 0.465625 0.2359375 0.04609375 0.0859375
1 0.5203125 0.18828125 0.071875 0.08125
0 0.075 0.3609375 0.059375 0.096875
1 0.13515625 0.290625 0.0640625 0.09375
1 0.43046875 0.80390625 0.0875 0.06640625
0 0.4671875 0.91015625 0.053125 0.0921875
1 0.53125 0.87578125 0.065625 0.09453125
1 0.53046875 0.75859375 0.0375 0.04296875
1 0.9046875 0.7359375 0.08125 0.10546875
1 0.984375 0.6890625 0.03046875 0.05078125
1 0.6875 0.93515625 0.07421875 0.09296875
1 0.58125 0.89453125 0.04609375 0.08203125
0 0.83828125 0.609375 0.06796875 0.1328125
0 0.8921875 0.53828125 0.034375 0.0671875
0 0.94921875 0.5234375 0.04921875 0.1
1 0.95 0.440625 0.05546875 0.07265625
1 0.61796875 0.18203125 0.096875 0.09453125
0 0.6296875 0.09453125 0.075 0.0625
1 0.72578125 0.128125 0.08515625 0.059375
0 0.1234375 0.47734375 0.0625 0.09296875
0 0.15703125 0.3796875 0.0671875 0.08046875
0 0.04453125 0.63046875 0.08359375 0.090625
0 0.02734375 0.02578125 0.05 0.04609375
0 0.1703125 0.08359375 0.06796875 0.08125
0 0.17578125 0.1828125 0.04296875 0.0828125
0 0.21953125 0.14609375 0.04921875 0.0546875
0 0.24765625 0.07578125 0.05625 0.07890625
0 0.12265625 0.2203125 0.05234375 0.05625
0 0.19296875 0.59765625 0.05859375 0.06953125
0 0.28828125 0.53359375 0.053125 0.0703125
0 0.28203125 0.96328125 0.03671875 0.0734375
0 0.4203125 0.965625 0.06796875 0.06875
0 0.4859375 0.05625 0.046875 0.06328125
0 0.2875 0.16015625 0.0515625 0.0515625
0 0.334375 0.08046875 0.0390625 0.05390625
0 0.2265625 0.37109375 0.06328125 0.0625
0 0.6265625 0.8890625 0.0375 0.0453125
0 0.8296875 0.16796875 0.1234375 0.11171875
0 0.9453125 0.625 0.04609375 0.0875
0 0.959375 0.91953125 0.0609375 0.10546875