1 0.03359375 0.76796875 0.0671875 0.0765625
1 0.09921875 0.765625 0.071875 0.07578125
0 0.053125 0.69765625 0.04296875 0.0734375
1 0.16875 0.6546875 0.05078125 0.05859375
1 0.2171875 0.75390625 0.03984375 0.07421875
1 0.29453125 0.91015625 0.03046875 0.0375
0 0.2765625 0.08828125 0.05625 0.0734375
1 0.35546875 0.0484375 0.05859375 0.08203125
1 0.409375 0.07734375 0.040625 0.08203125
1 0.01953125 0.17265625 0.0390625 0.1546875
1 0.1171875 0.0640625 0.084375 0.128125
1 0.26640625 0.4015625 0.0625 0.05703125
1 0.24296875 0.325 0.04765625 0.06015625
1 0.265625 0.27578125 0.07890625 0.06328125
1 0.5359375 0.45 0.08046875 0.078125
1 0.56875 0.35625 0.075 0.04609375
1 0.6453125 0.296875 0.0796875 0.0703125
1 0.3859375 0.70546875 0.0875 0.12890625
1 0.4546875 0.515625 0.06875 0.1015625
1 0.72734375 0.2671875 0.06953125 0.12265625
1 0.85625 0.4140625 0.03671875 0.0765625
1 0.92421875 0.26640625 0.053125 0.071875
0 0.86015625 0.6296875 0.06328125 0.0625
1 0.97890625 0.55 0.04140625 0.05859375
1 0.5296875 0.5171875 0.05390625 0.05546875
1 0.2046875 0.17734375 0.1359375 0.1484375
0 0.29140625 0.46875 0.05546875 0.0484375
0 0.5 0.06640625 0.0484375 0.0640625
0 0.4265625 0.01953125 0.06640625 0.0390625
1 0.246875 0.83203125 0.05546875 0.06484375
0 0.66015625 0.74921875 0.03828125 0.059375
1 0.3703125 0.90390625 0.0515625 0.0609375
1 0.5703125 0.5546875 0.06484375 0.07734375
0 0.4109375 0.79453125 0.05234375 0.065625