1 0.22109375 0.17578125 0.05703125 0.06953125
1 0.053125 0.52578125 0.1 0.09140625
1 0.81328125 0.540625 0.06796875 0.084375
1 0.8484375 0.7703125 0.0703125 0.075
1 0.8984375 0.70546875 0.0546875 0.1109375
1 0.95 0.82265625 0.0953125 0.0515625
1 0.95390625 0.7703125 0.0921875 0.0625
1 0.82734375 0.021875 0.0359375 0.04375
0 0.2015625 0.4515625 0.04921875 0.071875
0 0.28671875 0.1359375 0.0640625 0.07890625
0 0.8859375 0.09140625 0.06171875 0.07890625
0 0.9015625 0.03046875 0.0484375 0.0609375
0 0.9640625 0.04375 0.0421875 0.0875
0 0.57734375 0.10078125 0.05546875 0.08046875
1 0.32734375 0.42890625 0.02890625 0.08515625
1 0.65390625 0.8453125 0.02578125 0.05234375
0 0.09375 0.821875 0.04375 0.09921875
1 0.409375 0.421875 0.05859375 0.10625