1 0.01328125 0.90546875 0.0265625 0.1140625
0 0.284375 0.87109375 0.0765625 0.0546875
1 0.35625 0.815625 0.0546875 0.0546875
1 0.01484375 0.58828125 0.0296875 0.0640625
1 0.1078125 0.5921875 0.0765625 0.0984375
0 0.246875 0.134375 0.05546875 0.075
1 0.28046875 0.04375 0.0734375 0.0875
1 0.30859375 0.11875 0.053125 0.0265625
1 0.53046875 0.103125 0.07734375 0.09375
1 0.5390625 0.01796875 0.05 0.0359375
1 0.6296875 0.08046875 0.103125 0.15078125
1 0.62421875 0.21171875 0.0390625 0.1234375
1 0.66484375 0.1921875 0.04765625 0.1015625
1 0.82265625 0.24296875 0.0640625 0.15
1 0.859375 0.12578125 0.0921875 0.08125
1 0.8859375 0.03046875 0.05625 0.0609375
1 0.89765625 0.334375 0.10703125 0.23515625
1 0.9265625 0.19453125 0.10234375 0.071875
1 0.934375 0.53828125 0.07265625 0.08046875
0 0.06484375 0.5234375 0.06171875 0.071875
1 0.13515625 0.48125 0.06015625 0.09140625
1 0.175 0.4375 0.02734375 0.03984375
1 0.25390625 0.5234375 0.10546875 0.10390625
1 0.25234375 0.440625 0.04765625 0.0765625
1 0.19609375 0.60625 0.06015625 0.10546875
0 0.190625 0.9265625 0.06796875 0.0796875
1 0.25078125 0.95234375 0.03203125 0.06796875
1 0.30859375 0.91875 0.04921875 0.0375
1 0.37421875 0.9875 0.0515625 0.025
1 0.7328125 0.94765625 0.04453125 0.059375
1 0.78984375 0.853125 0.04765625 0.071875
1 0.78984375 0.97109375 0.0609375 0.0578125
1 0.8359375 0.9171875 0.06328125 0.0875
1 0.98359375 0.8203125 0.0328125 0.12109375
1 0.90078125 0.98359375 0.046875 0.0328125
1 0.0421875 0.1390625 0.07890625 0.1078125
0 0.14609375 0.78515625 0.04609375 0.06953125
0 0.190625 0.84140625 0.059375 0.0890625
0 0.48984375 0.7390625 0.07265625 0.08984375
0 0.34921875 0.259375 0.06796875 0.07109375
0 0.38203125 0.42734375 0.05703125 0.04609375
0 0.37890625 0.6125 0.06953125 0.08671875
0 0.4171875 0.5125 0.046875 0.046875
0 0.4421875 0.45 0.07109375 0.06484375
0 0.5140625 0.51640625 0.059375 0.06796875
0 0.6203125 0.728125 0.065625 0.0625
0 0.93515625 0.71953125 0.05703125 0.09453125