1 0.2265625 0.090625 0.05546875 0.06875
0 0.18671875 0.05625 0.04609375 0.0625
1 0.28515625 0.03125 0.06484375 0.0625
1 0.30703125 0.3203125 0.08125 0.07734375
1 0.403125 0.2515625 0.08203125 0.1046875
1 0.4109375 0.1109375 0.0265625 0.0421875
1 0.58984375 0.04375 0.08046875 0.0875
1 0.5 0.2546875 0.06640625 0.04453125
1 0.58828125 0.1828125 0.05078125 0.08828125
1 0.665625 0.08671875 0.03125 0.0734375
1 0.89765625 0.06640625 0.07109375 0.13203125
1 0.97421875 0.1515625 0.028125 0.0515625
0 0.06015625 0.7625 0.05703125 0.1171875
0 0.0890625 0.6828125 0.0390625 0.065625
0 0.2078125 0.70234375 0.0484375 0.06875
1 0.23671875 0.60546875 0.05703125 0.071875
1 0.20234375 0.97578125 0.07265625 0.0484375
1 0.06328125 0.40859375 0.0546875 0.04375
1 0.50390625 0.31328125 0.0515625 0.07734375
1 0.3515625 0.4078125 0.05 0.10546875
1 0.525 0.3796875 0.04453125 0.0703125
1 0.53046875 0.52421875 0.06953125 0.08359375
0 0.5140625 0.671875 0.05859375 0.096875
1 0.609375 0.58984375 0.065625 0.12109375
1 0.59375 0.4796875 0.053125 0.065625
1 0.58359375 0.4234375 0.05 0.046875
1 0.615625 0.39921875 0.034375 0.05234375
1 0.6046875 0.7328125 0.128125 0.1171875
1 0.7875 0.60625 0.04765625 0.05546875
1 0.96328125 0.446875 0.0734375 0.06328125
0 0.246875 0.77421875 0.05546875 0.075
0 0.09765625 0.11015625 0.04296875 0.0890625
0 0.44609375 0.08671875 0.04296875 0.075
0 0.7734375 0.14453125 0.059375 0.06015625
0 0.82109375 0.17734375 0.03828125 0.05078125
0 0.825 0.33203125 0.0515625 0.06953125
0 0.940625 0.2890625 0.05390625 0.06328125
0 0.68359375 0.571875 0.053125 0.0625
0 0.9203125 0.60078125 0.05859375 0.09375
0 0.8734375 0.78671875 0.040625 0.0640625
0 0.91875 0.77421875 0.0546875 0.09296875
0 0.984375 0.74453125 0.03046875 0.0640625
1 0.37890625 0.98125 0.0515625 0.0375
1 0.496875 0.921875 0.046875 0.0703125
1 0.52265625 0.965625 0.03984375 0.06875
1 0.615625 0.95625 0.05234375 0.071875
1 0.0625 0.96953125 0.121875 0.0609375
1 0.12109375 0.9203125 0.06328125 0.1078125
1 0.30625 0.94765625 0.1515625 0.0640625
1 0.4953125 0.8421875 0.0796875 0.06796875
1 0.565625 0.83984375 0.06796875 0.0625
1 0.65625 0.8015625 0.053125 0.0625
1 0.72734375 0.9234375 0.08828125 0.13125
1 0.94609375 0.96484375 0.04765625 0.05859375
0 0.27265625 0.24609375 0.06640625 0.07109375
0 0.33203125 0.834375 0.06875 0.0734375
0 0.3875 0.4671875 0.02890625 0.05859375
0 0.29921875 0.72734375 0.04453125 0.078125
0 0.3421875 0.68046875 0.03125 0.0609375
0 0.4671875 0.60390625 0.05859375 0.075
0 0.12890625 0.2875 0.0390625 0.046875
0 0.63828125 0.503125 0.034375 0.0625
0 0.22890625 0.528125 0.1 0.090625