1 0.01484375 0.14375 0.0296875 0.096875
1 0.03515625 0.06171875 0.06484375 0.0875
1 0.521875 0.45078125 0.0515625 0.10234375
1 0.56015625 0.41328125 0.0390625 0.0625
1 0.6046875 0.36015625 0.05703125 0.0984375
1 0.6125 0.25703125 0.07734375 0.06171875
0 0.7109375 0.2515625 0.1046875 0.07890625
1 0.75546875 0.1921875 0.0984375 0.0625
1 0.9609375 0.52734375 0.07734375 0.0890625
0 0.8703125 0.859375 0.06953125 0.11484375
1 0.95546875 0.84765625 0.0890625 0.1546875
1 0.49296875 0.7859375 0.065625 0.0578125
1 0.5515625 0.83125 0.09296875 0.090625
1 0.7875 0.4453125 0.06015625 0.08515625
0 0.67734375 0.3109375 0.05078125 0.071875
0 0.63828125 0.47265625 0.075 0.06953125
1 0.75625 0.63046875 0.05703125 0.08203125
0 0.796875 0.84765625 0.04765625 0.10546875
0 0.5296875 0.95703125 0.06796875 0.07890625