1 0.04765625 0.546875 0.04609375 0.096875
1 0.1625 0.6453125 0.065625 0.10625
1 0.12109375 0.78046875 0.0359375 0.0828125
1 0.48359375 0.4109375 0.04609375 0.0890625
1 0.7171875 0.2296875 0.0578125 0.0734375
1 0.6984375 0.35390625 0.09765625 0.1
1 0.8484375 0.678125 0.0625 0.08359375
1 0.915625 0.73515625 0.0953125 0.11640625
1 0.971875 0.69921875 0.05625 0.1390625
1 0.31015625 0.6234375 0.075 0.1171875
1 0.52421875 0.759375 0.0390625 0.053125
1 0.98515625 0.2015625 0.0296875 0.05
1 0.2734375 0.7890625 0.06875 0.07265625
0 0.025 0.70078125 0.04921875 0.084375
0 0.36640625 0.165625 0.08046875 0.084375
0 0.1671875 0.390625 0.05703125 0.10546875
0 0.27265625 0.3171875 0.05703125 0.07578125
0 0.12109375 0.48359375 0.06328125 0.06484375
0 0.52578125 0.93515625 0.0546875 0.0703125
0 0.95625 0.88203125 0.0640625 0.1078125