0 0.02109375 0.09921875 0.0421875 0.05546875
1 0.05078125 0.0328125 0.0609375 0.065625
1 0.16484375 0.0625 0.06953125 0.05703125
1 0.26796875 0.053125 0.08046875 0.0875
1 0.28046875 0.140625 0.06953125 0.0515625
0 0.359375 0.14375 0.0578125 0.09453125
1 0.4265625 0.1484375 0.075 0.08984375
1 0.4109375 0.0953125 0.05859375 0.05625
1 0.39296875 0.04140625 0.0625 0.08203125
1 0.4921875 0.18203125 0.06015625 0.08203125
1 0.46953125 0.078125 0.059375 0.06171875
1 0.496875 0.0296875 0.07265625 0.059375
0 0.3375 0.40234375 0.0765625 0.10703125
1 0.38359375 0.2984375 0.06015625 0.0921875
1 0.27890625 0.4265625 0.040625 0.05390625
1 0.1171875 0.5765625 0.0859375 0.0625
1 0.11640625 0.71328125 0.0765625 0.0734375
0 0.06875 0.86328125 0.06953125 0.06953125
1 0.1515625 0.81015625 0.0703125 0.10546875
1 0.171875 0.690625 0.03984375 0.0546875
1 0.175 0.6484375 0.0671875 0.0859375
1 0.22421875 0.56171875 0.10390625 0.0953125
1 0.246875 0.646875 0.07265625 0.09609375
1 0.2625 0.9125 0.08671875 0.078125
1 0.26875 0.82421875 0.08203125 0.08046875
1 0.28359375 0.728125 0.075 0.08984375
1 0.31796875 0.66171875 0.08125 0.10859375
1 0.43125 0.6859375 0.0578125 0.08984375
1 0.04609375 0.965625 0.0921875 0.06875
1 0.13203125 0.953125 0.10625 0.09296875
1 0.5015625 0.2984375 0.08203125 0.1
1 0.49453125 0.575 0.0953125 0.10859375
1 0.52421875 0.503125 0.06484375 0.08046875
1 0.5171875 0.44453125 0.07421875 0.0578125
1 0.53515625 0.359375 0.06484375 0.07890625
1 0.97578125 0.1203125 0.0484375 0.06640625
1 0.9640625 0.35625 0.071875 0.0875
1 0.571875 0.434375 0.0484375 0.06796875
1 0.53046875 0.7234375 0.0515625 0.08515625
1 0.5859375 0.78671875 0.07265625 0.07734375
1 0.540625 0.9640625 0.0625 0.071875
1 0.57734375 0.909375 0.07265625 0.08125
1 0.63671875 0.81171875 0.0359375 0.0515625
0 0.6984375 0.73984375 0.078125 0.0859375
0 0.571875 0.25703125 0.05859375 0.0625
0 0.69375 0.234375 0.04375 0.0390625
0 0.678125 0.17109375 0.0390625 0.05546875
0 0.13671875 0.29453125 0.08125 0.1328125
0 0.1140625 0.171875 0.0625 0.0609375
0 0.7609375 0.471875 0.03359375 0.0578125
0 0.753125 0.89375 0.0859375 0.05390625
0 0.7234375 0.821875 0.06171875 0.0859375
0 0.3890625 0.81875 0.05859375 0.0828125
0 0.34453125 0.9421875 0.07265625 0.053125
0 0.334375 0.571875 0.09296875 0.071875
0 0.2546875 0.30546875 0.134375 0.12265625
0 0.15390625 0.1234375 0.075 0.06796875
0 0.06484375 0.4140625 0.07109375 0.07265625
0 0.1296875 0.43828125 0.0671875 0.0671875
0 0.8953125 0.68046875 0.09375 0.0609375
0 0.9703125 0.6328125 0.05546875 0.08125
1 0.1625 0.0265625 0.0875 0.04765625
0 0.75390625 0.08203125 0.06953125 0.0609375
0 0.8140625 0.16484375 0.06953125 0.1140625
0 0.85703125 0.20390625 0.084375 0.08125