1 0.23359375 0.34765625 0.05625 0.12734375
1 0.2546875 0.4421875 0.07109375 0.0484375
1 0.33046875 0.4015625 0.08046875 0.09296875
1 0.36171875 0.0578125 0.05703125 0.05625
1 0.42421875 0.0609375 0.0671875 0.121875
1 0.48671875 0.046875 0.06171875 0.09296875
1 0.5890625 0.03671875 0.0703125 0.07265625
1 0.5125 0.19453125 0.1171875 0.125
1 0.621875 0.3015625 0.08671875 0.08984375
1 0.6921875 0.13046875 0.053125 0.0859375
1 0.728125 0.0875 0.06328125 0.05390625
1 0.3609375 0.7609375 0.0515625 0.06484375
1 0.36875 0.67734375 0.04375 0.05
1 0.43125 0.67890625 0.0796875 0.08515625
1 0.4265625 0.5734375 0.075 0.08828125
1 0.49453125 0.6265625 0.09921875 0.0734375
1 0.81015625 0.64296875 0.053125 0.0890625
1 0.9453125 0.703125 0.0546875 0.10546875
1 0.953125 0.60703125 0.0703125 0.09296875
1 0.61640625 0.89453125 0.06171875 0.10859375
1 0.659375 0.96796875 0.05859375 0.0640625
1 0.728125 0.88046875 0.075 0.10390625
1 0.78515625 0.8015625 0.06015625 0.06171875
1 0.55390625 0.903125 0.040625 0.1046875
1 0.596875 0.8078125 0.0765625 0.07421875
1 0.078125 0.88203125 0.053125 0.09375
1 0.1765625 0.8421875 0.08828125 0.0453125
1 0.2015625 0.9578125 0.0453125 0.084375
1 0.01953125 0.7453125 0.0390625 0.1140625
1 0.10859375 0.771875 0.08203125 0.1
1 0.38203125 0.865625 0.03125 0.0734375
1 0.80234375 0.43671875 0.05859375 0.05546875
1 0.9203125 0.0578125 0.071875 0.11015625
1 0.97578125 0.0421875 0.0484375 0.084375
0 0.0625 0.153125 0.0625 0.0546875
0 0.096875 0.0421875 0.040625 0.04375
1 0.65625 0.0625 0.05703125 0.053125