1 0.2703125 0.0515625 0.078125 0.103125
1 0.021875 0.2625 0.04375 0.0546875
1 0.1859375 0.49375 0.040625 0.04453125
1 0.421875 0.61171875 0.065625 0.084375
0 0.1359375 0.878125 0.03828125 0.0453125
0 0.16953125 0.80234375 0.034375 0.06796875
0 0.17734375 0.9171875 0.040625 0.08359375
0 0.22421875 0.9171875 0.05 0.05625
0 0.20546875 0.84453125 0.04453125 0.06796875
0 0.25234375 0.7953125 0.04375 0.053125
1 0.328125 0.809375 0.04296875 0.06796875
0 0.6125 0.8546875 0.040625 0.06640625
0 0.640625 0.759375 0.05234375 0.07578125
0 0.71484375 0.72109375 0.040625 0.03984375
1 0.7640625 0.646875 0.040625 0.06875
1 0.80859375 0.64453125 0.04921875 0.04296875
0 0.940625 0.7390625 0.05078125 0.05234375
1 0.94765625 0.69140625 0.04609375 0.046875
0 0.446875 0.3375 0.0484375 0.0578125
1 0.525 0.25 0.04453125 0.075
0 0.52109375 0.1859375 0.06796875 0.05390625
1 0.5765625 0.134375 0.053125 0.05703125
1 0.74921875 0.115625 0.04296875 0.0375
0 0.83515625 0.940625 0.04453125 0.05546875
1 0.928125 0.9234375 0.0921875 0.05078125
0 0.86640625 0.3859375 0.03515625 0.065625
0 0.85703125 0.3015625 0.06171875 0.0625
0 0.94921875 0.2078125 0.0578125 0.0625
0 0.93125 0.15390625 0.03984375 0.053125
0 0.59140625 0.03046875 0.05234375 0.06015625
0 0.28828125 0.47890625 0.04375 0.06796875
0 0.34765625 0.42890625 0.04296875 0.05703125
0 0.575 0.3859375 0.04140625 0.046875
0 0.3609375 0.18046875 0.059375 0.075
0 0.3546875 0.06015625 0.075 0.059375
0 0.4984375 0.51328125 0.04453125 0.0484375
0 0.38828125 0.971875 0.0671875 0.05625
1 0.4015625 0.9203125 0.078125 0.04921875
0 0.4078125 0.87890625 0.0375 0.046875
0 0.4953125 0.91875 0.0515625 0.04609375
0 0.8203125 0.6078125 0.05078125 0.0453125
0 0.8671875 0.57109375 0.0421875 0.04765625
0 0.60234375 0.65625 0.03359375 0.084375
0 0.13359375 0.6 0.0390625 0.05703125
0 0.1515625 0.659375 0.034375 0.05390625
0 0.1078125 0.4625 0.03671875 0.04375
0 0.02109375 0.3875 0.0421875 0.09375
0 0.065625 0.421875 0.05 0.0609375
1 0.11953125 0.3453125 0.07734375 0.10546875
0 0.1296875 0.03125 0.0578125 0.0625
0 0.0859375 0.14140625 0.05546875 0.05390625
1 0.15078125 0.2390625 0.06484375 0.05390625
0 0.14140625 0.18359375 0.040625 0.05390625
0 0.18203125 0.1796875 0.04140625 0.04140625
0 0.2265625 0.27265625 0.03203125 0.0484375
0 0.2453125 0.39296875 0.0875 0.07890625
0 0.446875 0.71640625 0.04453125 0.0609375
0 0.528125 0.75859375 0.0515625 0.04765625
1 0.665625 0.43359375 0.0546875 0.0984375
0 0.8859375 0.86875 0.046875 0.04921875
0 0.94765625 0.5015625 0.05078125 0.0734375
0 0.978125 0.4515625 0.040625 0.0625
0 0.83984375 0.03984375 0.03515625 0.06484375
0 0.88125 0.01640625 0.05234375 0.0328125