1 0.2703125 0.4984375 0.1015625 0.103125
1 0.08671875 0.0609375 0.10078125 0.1109375
0 0.0984375 0.278125 0.04375 0.06875
0 0.15 0.225 0.08046875 0.1046875
1 0.14296875 0.1328125 0.0578125 0.0734375
1 0.14609375 0.03828125 0.07734375 0.06640625
1 0.20234375 0.06640625 0.046875 0.046875
1 0.4 0.07265625 0.05859375 0.059375
0 0.4625 0.11953125 0.0625 0.08203125
1 0.50703125 0.02734375 0.0515625 0.0546875
0 0.51328125 0.153125 0.05703125 0.090625
0 0.6125 0.2265625 0.05078125 0.0640625
1 0.60390625 0.16015625 0.059375 0.0734375
1 0.2546875 0.12265625 0.096875 0.115625
1 0.33515625 0.01875 0.053125 0.0375
1 0.2625 0.20078125 0.0515625 0.08828125
0 0.3640625 0.36171875 0.0484375 0.0796875
1 0.3578125 0.2734375 0.08046875 0.06796875
0 0.153125 0.3296875 0.0515625 0.04765625
0 0.22734375 0.31796875 0.0609375 0.1
1 0.30390625 0.2328125 0.0359375 0.09453125
1 0.38125 0.15625 0.11015625 0.10625
0 0.90859375 0.24609375 0.0703125 0.04453125
0 0.90625 0.184375 0.05703125 0.05
1 0.91796875 0.08671875 0.04453125 0.04765625
1 0.0296875 0.7953125 0.0453125 0.06328125
1 0.046875 0.765625 0.0578125 0.04765625
1 0.10859375 0.68828125 0.0515625 0.04140625
1 0.10546875 0.64765625 0.0546875 0.0484375
0 0.14375 0.7421875 0.05390625 0.0734375
0 0.1828125 0.80234375 0.053125 0.059375
1 0.2578125 0.75078125 0.06796875 0.08125
1 0.02421875 0.90625 0.046875 0.0484375
1 0.08984375 0.97421875 0.07578125 0.05078125
0 0.11015625 0.9171875 0.07109375 0.0703125
1 0.19609375 0.8859375 0.0484375 0.0609375
1 0.2390625 0.896875 0.04453125 0.1
0 0.3015625 0.8859375 0.0484375 0.07109375
0 0.3765625 0.9765625 0.0734375 0.04609375
0 0.3625 0.91953125 0.0765625 0.075
1 0.4140625 0.88828125 0.0375 0.0484375
0 0.46953125 0.60234375 0.05859375 0.09609375
0 0.4828125 0.6984375 0.05 0.07890625
1 0.55234375 0.61875 0.08984375 0.10625
1 0.6546875 0.596875 0.053125 0.09921875
1 0.80078125 0.5125 0.078125 0.090625
0 0.48828125 0.93828125 0.0609375 0.0953125
0 0.56015625 0.96328125 0.0703125 0.0734375
1 0.5703125 0.88203125 0.08984375 0.08984375
1 0.78828125 0.7796875 0.075 0.090625
1 0.7734375 0.68046875 0.046875 0.05703125
1 0.8515625 0.79453125 0.05546875 0.08359375
1 0.88828125 0.7484375 0.07890625 0.08125
1 0.9703125 0.65 0.05625 0.0890625
1 0.9640625 0.82265625 0.065625 0.10859375
0 0.36953125 0.4515625 0.059375 0.09375
0 0.43203125 0.30234375 0.06875 0.0953125
0 0.5703125 0.3203125 0.04609375 0.05546875
0 0.9640625 0.2578125 0.071875 0.059375
0 0.8640625 0.4296875 0.06640625 0.06640625
0 0.93046875 0.4703125 0.04375 0.09609375
0 0.971875 0.48359375 0.05625 0.1140625
0 0.58046875 0.025 0.08359375 0.05
0 0.2046875 0.615625 0.0703125 0.0734375
0 0.10390625 0.59140625 0.0765625 0.05703125
0 0.16875 0.46171875 0.0640625 0.07421875
0 0.29921875 0.5984375 0.0390625 0.075
0 0.346875 0.71015625 0.0640625 0.084375
0 0.3484375 0.609375 0.0484375 0.075
0 0.44453125 0.7609375 0.06640625 0.12421875
0 0.55234375 0.73046875 0.05 0.07578125
0 0.73828125 0.6421875 0.04296875 0.04140625
0 0.72890625 0.9640625 0.0703125 0.071875
0 0.81796875 0.96796875 0.0546875 0.0640625
0 0.66484375 0.8390625 0.09296875 0.08359375
0 0.8359375 0.65546875 0.05859375 0.078125
0 0.94765625 0.940625 0.1046875 0.11640625