1 0.115625 0.06015625 0.078125 0.11953125
1 0.6375 0.209375 0.04140625 0.0875
0 0.5859375 0.15625 0.0375 0.0703125
1 0.684375 0.1296875 0.07265625 0.06640625
1 0.659375 0.0515625 0.05078125 0.09765625
1 0.1609375 0.31171875 0.10625 0.109375
1 0.20625 0.4671875 0.04609375 0.06328125
1 0.22109375 0.3921875 0.08828125 0.08359375
1 0.35859375 0.359375 0.0640625 0.05703125
1 0.14296875 0.54609375 0.04453125 0.0375
1 0.225 0.5421875 0.0625 0.15703125
1 0.55 0.54296875 0.059375 0.115625
1 0.459375 0.80078125 0.03359375 0.06484375
1 0.5515625 0.73671875 0.04453125 0.10234375
1 0.5921875 0.62890625 0.03984375 0.096875
1 0.615625 0.53125 0.078125 0.096875
1 0.9265625 0.34765625 0.0390625 0.10546875
1 0.609375 0.83671875 0.09765625 0.0703125
1 0.6015625 0.74765625 0.06328125 0.10234375
0 0.68359375 0.7140625 0.05 0.06953125
1 0.72890625 0.72265625 0.05078125 0.06953125
0 0.6953125 0.63359375 0.06875 0.1234375
1 0.78125 0.54765625 0.03984375 0.1125
1 0.2484375 0.79765625 0.05859375 0.11640625
1 0.0296875 0.95625 0.05625 0.0875
1 0.04375 0.878125 0.0828125 0.08125
1 0.02421875 0.8125 0.0484375 0.071875
1 0.28203125 0.9734375 0.059375 0.053125
1 0.35703125 0.925 0.034375 0.05859375
1 0.34765625 0.8703125 0.04296875 0.05703125
0 0.59375 0.9109375 0.05234375 0.0578125
0 0.621875 0.95625 0.0515625 0.0640625
1 0.653125 0.89609375 0.04609375 0.07734375
1 0.35859375 0.74140625 0.1046875 0.11171875
0 0.77421875 0.2375 0.06171875 0.05859375
0 0.4484375 0.5171875 0.05625 0.078125
0 0.46640625 0.4390625 0.0703125 0.0953125
0 0.72578125 0.5140625 0.07578125 0.06640625
0 0.9796875 0.22734375 0.040625 0.0546875
0 0.96796875 0.159375 0.0421875 0.05
0 0.9625 0.484375 0.06328125 0.06640625
0 0.9640625 0.39453125 0.05703125 0.0609375
0 0.7390625 0.89921875 0.05703125 0.08359375
0 0.10625 0.1625 0.10859375 0.096875