0 0.290625 0.2875 0.07109375 0.11484375
1 0.3828125 0.30078125 0.05859375 0.0515625
0 0.3625 0.2265625 0.0375 0.0546875
1 0.4234375 0.23046875 0.065625 0.09375
1 0.27109375 0.11640625 0.09921875 0.075
1 0.02578125 0.0390625 0.0515625 0.078125
1 0.04765625 0.109375 0.0359375 0.1140625
1 0.096875 0.02109375 0.06875 0.0421875
1 0.44140625 0.05390625 0.08359375 0.10703125
1 0.9515625 0.03203125 0.04921875 0.0640625
1 0.9828125 0.2625 0.03203125 0.1140625
1 0.50078125 0.1671875 0.05 0.115625
1 0.55546875 0.2078125 0.04765625 0.084375
0 0.42421875 0.38046875 0.09296875 0.10390625
0 0.50859375 0.3203125 0.0703125 0.0734375
1 0.59765625 0.26796875 0.04296875 0.11484375
0 0.2390625 0.9375 0.053125 0.075
0 0.26796875 0.85625 0.05234375 0.0875
0 0.30703125 0.7625 0.08125 0.08671875
1 0.3890625 0.6625 0.0890625 0.075
1 0.55703125 0.725 0.13515625 0.10078125
1 0.6828125 0.66484375 0.09296875 0.09609375
1 0.3421875 0.9796875 0.1 0.040625
1 0.384375 0.9109375 0.07578125 0.0796875
1 0.18515625 0.97578125 0.075 0.0484375
1 0.47265625 0.96796875 0.0921875 0.0640625
1 0.4203125 0.7390625 0.08984375 0.08984375
1 0.5875 0.8296875 0.08828125 0.09140625
1 0.62265625 0.9046875 0.075 0.08046875
0 0.74140625 0.60625 0.0625 0.05546875
1 0.809375 0.5890625 0.06484375 0.0875
0 0.41640625 0.5640625 0.07734375 0.07890625
0 0.1 0.5046875 0.078125 0.1375
0 0.1703125 0.4046875 0.04453125 0.0984375
0 0.209375 0.25234375 0.06953125 0.0921875
0 0.28359375 0.53359375 0.06640625 0.11171875
0 0.0234375 0.746875 0.046875 0.109375
0 0.0890625 0.65 0.078125 0.11171875
0 0.17578125 0.55 0.0828125 0.0859375
0 0.02890625 0.53125 0.05234375 0.08828125
0 0.0515625 0.32421875 0.075 0.0984375
0 0.07734375 0.21640625 0.0734375 0.07890625
0 0.15859375 0.1921875 0.07109375 0.09375
0 0.1390625 0.08515625 0.09921875 0.084375
0 0.19921875 0.03359375 0.07578125 0.0578125
1 0.62734375 0.1578125 0.04765625 0.10546875
0 0.609375 0.03828125 0.05 0.0765625
0 0.64453125 0.30859375 0.05234375 0.05859375
0 0.6796875 0.22421875 0.04609375 0.07265625
0 0.83671875 0.06015625 0.0953125 0.1203125
0 0.74375 0.4171875 0.0578125 0.065625
0 0.82109375 0.371875 0.05234375 0.07421875
0 0.865625 0.46171875 0.046875 0.0875
0 0.4703125 0.4765625 0.0828125 0.08203125
0 0.5984375 0.55078125 0.07578125 0.07421875
0 0.76015625 0.75078125 0.04609375 0.04140625
0 0.8421875 0.671875 0.0453125 0.04921875
0 0.89375 0.6109375 0.05390625 0.05625
0 0.74609375 0.875 0.03515625 0.0578125
0 0.22578125 0.74609375 0.06171875 0.071875
0 0.2171875 0.6625 0.12109375 0.096875
0 0.05 0.93984375 0.090625 0.10234375
0 0.0453125 0.85078125 0.05859375 0.08046875
0 0.09140625 0.89140625 0.034375 0.06796875
1 0.1734375 0.91328125 0.09140625 0.10625
1 0.471875 0.85234375 0.07265625 0.09609375
0 0.7953125 0.93671875 0.05859375 0.0875