0 0.40703125 0.2875 0.06796875 0.06484375
1 0.4171875 0.1890625 0.046875 0.05078125
1 0.52421875 0.1421875 0.0390625 0.065625
1 0.03984375 0.0609375 0.06953125 0.121875
1 0.11484375 0.0578125 0.07265625 0.06640625
1 0.0171875 0.32109375 0.034375 0.0578125
1 0.06875 0.4109375 0.07890625 0.096875
1 0.065625 0.31796875 0.06328125 0.071875
1 0.11796875 0.30234375 0.05234375 0.0671875
1 0.1984375 0.38828125 0.06171875 0.05625
1 0.05 0.60859375 0.05546875 0.090625
1 0.07265625 0.6703125 0.04609375 0.10703125
0 0.4984375 0.27578125 0.0578125 0.09140625
0 0.5515625 0.21953125 0.053125 0.11171875
1 0.6046875 0.18828125 0.07421875 0.09453125
1 0.5734375 0.0109375 0.0515625 0.021875
1 0.6078125 0.1109375 0.0359375 0.06015625
1 0.6234375 0.0265625 0.05859375 0.04765625
0 0.67421875 0.12578125 0.06640625 0.1125
1 0.72890625 0.0859375 0.06484375 0.08984375
1 0.778125 0.034375 0.06328125 0.06796875
0 0.83046875 0.1 0.0796875 0.05234375
1 0.840625 0.03515625 0.06875 0.0703125
0 0.89140625 0.109375 0.04921875 0.05703125
1 0.8984375 0.025 0.046875 0.05
1 0.80546875 0.63046875 0.075 0.121875
1 0.43828125 0.71953125 0.059375 0.071875
1 0.41015625 0.96015625 0.06953125 0.0765625
0 0.3671875 0.9 0.0515625 0.05390625
1 0.46328125 0.8890625 0.07734375 0.08984375
1 0.840625 0.778125 0.05546875 0.08671875
1 0.49609375 0.95625 0.0625 0.0734375
1 0.54609375 0.971875 0.0453125 0.05625
1 0.6203125 0.96328125 0.0921875 0.0734375
0 0.86171875 0.98125 0.075 0.0375
1 0.9640625 0.98671875 0.071875 0.0265625
0 0.1796875 0.63125 0.059375 0.04765625
1 0.278125 0.60859375 0.06484375 0.07265625
0 0.2015625 0.553125 0.05859375 0.0515625
0 0.31875 0.5375 0.06015625 0.06484375
0 0.1046875 0.59453125 0.03046875 0.05
0 0.22890625 0.9640625 0.0421875 0.071875
0 0.28046875 0.9796875 0.0484375 0.040625
0 0.7875 0.9796875 0.05 0.040625
0 0.21796875 0.290625 0.0609375 0.10234375
1 0.05625 0.253125 0.04921875 0.05859375
0 0.40078125 0.44765625 0.0421875 0.0953125
0 0.5078125 0.3828125 0.05 0.09140625
0 0.4921875 0.48515625 0.0734375 0.08046875
0 0.5890625 0.36953125 0.0578125 0.090625
0 0.58671875 0.28046875 0.0703125 0.06015625
1 0.76875 0.20625 0.05078125 0.06328125
0 0.8484375 0.29765625 0.0625 0.0765625
0 0.95390625 0.2359375 0.059375 0.07265625
0 0.640625 0.66171875 0.0390625 0.07265625
1 0.88359375 0.71015625 0.05234375 0.0625
1 0.87734375 0.6484375 0.06171875 0.078125
0 0.98203125 0.40546875 0.03515625 0.11875
0 0.94453125 0.5125 0.09375 0.059375
0 0.50703125 0.7015625 0.0625 0.05
0 0.74921875 0.75625 0.06015625 0.06953125