0 0.046875 0.82578125 0.0703125 0.084375
0 0.12734375 0.93671875 0.065625 0.05546875
0 0.159375 0.175 0.0625 0.0578125
0 0.05703125 0.6671875 0.04609375 0.05234375
0 0.1109375 0.7859375 0.05625 0.06171875
0 0.1734375 0.6859375 0.0515625 0.0578125
0 0.60234375 0.51953125 0.065625 0.0734375
0 0.640625 0.45078125 0.053125 0.06640625
0 0.25546875 0.934375 0.06796875 0.06484375
0 0.321875 0.9375 0.0625 0.065625
0 0.84453125 0.8375 0.04140625 0.05390625
0 0.896875 0.81796875 0.06953125 0.0859375
0 0.96015625 0.86015625 0.05703125 0.07265625
1 0.46015625 0.2046875 0.053125 0.0515625
1 0.4890625 0.184375 0.0390625 0.06015625
1 0.61796875 0.10859375 0.05625 0.06484375
1 0.66484375 0.078125 0.04765625 0.06171875
1 0.4515625 0.15625 0.0453125 0.0625
0 0.29609375 0.50390625 0.046875 0.06484375
0 0.3484375 0.46640625 0.06640625 0.0796875
1 0.33828125 0.40859375 0.059375 0.0625
0 0.40625 0.3953125 0.03984375 0.04453125
0 0.4421875 0.35078125 0.053125 0.04921875
1 0.54375 0.29296875 0.0328125 0.05390625
0 0.09921875 0.62734375 0.07265625 0.05703125
0 0.1296875 0.5453125 0.06171875 0.09921875
1 0.23046875 0.6125 0.07109375 0.040625
1 0.27109375 0.67421875 0.04609375 0.05703125
1 0.29453125 0.596875 0.06484375 0.07578125
0 0.37890625 0.62734375 0.05625 0.05703125
1 0.43515625 0.66640625 0.04765625 0.08203125
1 0.23359375 0.43359375 0.078125 0.08046875
0 0.159375 0.3515625 0.059375 0.059375
0 0.02890625 0.30390625 0.05234375 0.05390625
0 0.09453125 0.26171875 0.03984375 0.03125
0 0.23359375 0.8515625 0.046875 0.0515625
0 0.33828125 0.79921875 0.0734375 0.084375
1 0.19921875 0.2484375 0.04453125 0.05
1 0.22734375 0.20390625 0.03046875 0.03203125
1 0.21328125 0.159375 0.0453125 0.05
1 0.17578125 0.1125 0.05546875 0.04453125
0 0.07734375 0.0625 0.0375 0.0578125
0 0.115625 0.09609375 0.04296875 0.03046875
1 0.2015625 0.06796875 0.0578125 0.046875
1 0.18046875 0.02734375 0.0703125 0.05390625
1 0.2453125 0.03359375 0.0484375 0.04453125
1 0.29140625 0.08984375 0.04609375 0.05390625
1 0.29375 0.04296875 0.0375 0.040625
1 0.38203125 0.046875 0.103125 0.09375
1 0.4484375 0.50703125 0.0484375 0.07578125
0 0.04765625 0.096875 0.04453125 0.05390625
0 0.04921875 0.01875 0.0796875 0.0375
0 0.34296875 0.32421875 0.03359375 0.0359375
0 0.6703125 0.24765625 0.08046875 0.07890625
0 0.74375 0.2375 0.06171875 0.0765625
0 0.71328125 0.43671875 0.0828125 0.08203125
0 0.734375 0.378125 0.0484375 0.059375
0 0.84375 0.559375 0.0359375 0.05078125
0 0.790625 0.265625 0.03984375 0.075
0 0.87109375 0.1953125 0.02734375 0.046875
0 0.90390625 0.5375 0.03046875 0.05234375
0 0.89765625 0.49921875 0.0359375 0.046875
0 0.67265625 0.965625 0.0640625 0.06875
0 0.53671875 0.01796875 0.0609375 0.0359375