1 0.27890625 0.225 0.08359375 0.11875
1 0.03359375 0.28671875 0.0671875 0.0921875
1 0.1140625 0.21953125 0.0671875 0.121875
0 0.4015625 0.17890625 0.05625 0.0671875
0 0.390625 0.12109375 0.053125 0.0578125
1 0.23984375 0.359375 0.0765625 0.05703125
1 0.0828125 0.44453125 0.05390625 0.09375
1 0.13046875 0.5171875 0.04140625 0.07734375
0 0.2609375 0.11328125 0.06171875 0.1015625
0 0.3765625 0.41328125 0.05234375 0.0625
0 0.54921875 0.1859375 0.053125 0.0890625
0 0.2328125 0.6890625 0.0671875 0.0734375
0 0.1765625 0.94140625 0.065625 0.08671875
0 0.209375 0.85625 0.07421875 0.08203125
0 0.3 0.80859375 0.0328125 0.04453125
1 0.51171875 0.46875 0.05859375 0.06640625
1 0.54765625 0.54453125 0.0625 0.10546875
1 0.68828125 0.5109375 0.04140625 0.09296875
0 0.80546875 0.578125 0.128125 0.10234375
1 0.8234375 0.49296875 0.075 0.0875
1 0.8796875 0.384375 0.0625 0.103125
1 0.46640625 0.85625 0.0703125 0.1140625
1 0.56953125 0.80078125 0.053125 0.07890625
1 0.615625 0.80078125 0.046875 0.07890625
0 0.62578125 0.659375 0.0765625 0.08046875
0 0.76640625 0.3640625 0.040625 0.06640625
0 0.70078125 0.9765625 0.065625 0.04609375
0 0.734375 0.91015625 0.0484375 0.1
0 0.77109375 0.86484375 0.05 0.06875
0 0.984375 0.9 0.03046875 0.0984375
0 0.8390625 0.965625 0.06640625 0.06875
0 0.878125 0.040625 0.090625 0.08125