0 0.1109375 0.24296875 0.06953125 0.04765625
0 0.16953125 0.18984375 0.05234375 0.05703125
1 0.1578125 0.1015625 0.04296875 0.0765625
0 0.4359375 0.21484375 0.05859375 0.071875
1 0.45 0.14921875 0.0515625 0.08359375
1 0.640625 0.14921875 0.09296875 0.10546875
1 0.80234375 0.0640625 0.040625 0.046875
0 0.59765625 0.29140625 0.06484375 0.08203125
1 0.7109375 0.22421875 0.05078125 0.059375
1 0.75703125 0.18359375 0.059375 0.07578125
0 0.859375 0.21328125 0.05703125 0.08203125
1 0.86015625 0.13203125 0.0546875 0.07578125
1 0.853125 0.0328125 0.071875 0.065625
1 0.8890625 0.0765625 0.07109375 0.06796875
1 0.921875 0.046875 0.06953125 0.09296875
0 0.721875 0.5421875 0.04453125 0.0703125
1 0.74296875 0.45390625 0.08359375 0.103125
0 0.8546875 0.69140625 0.05703125 0.05546875
1 0.8859375 0.63203125 0.04765625 0.0359375
1 0.8921875 0.60078125 0.046875 0.04453125
1 0.93515625 0.965625 0.07890625 0.06875
1 0.9140625 0.90078125 0.05546875 0.0640625
1 0.89140625 0.83828125 0.0671875 0.06875
1 0.965625 0.825 0.06875 0.06875
1 0.96328125 0.7296875 0.046875 0.0703125
1 0.79609375 0.8203125 0.078125 0.12734375
1 0.5578125 0.96796875 0.07890625 0.0640625
0 0.3 0.59375 0.0375 0.0609375
1 0.3953125 0.55703125 0.04765625 0.10390625
1 0.4890625 0.57421875 0.075 0.1125
1 0.7578125 0.69375 0.07265625 0.0875
1 0.25234375 0.47265625 0.07578125 0.09140625
1 0.10390625 0.6 0.05546875 0.075
0 0.10390625 0.97421875 0.0734375 0.05078125
0 0.1140625 0.915625 0.075 0.07109375
0 0.128125 0.8390625 0.05390625 0.07421875
1 0.115625 0.7625 0.0609375 0.06484375
1 0.21171875 0.73671875 0.0609375 0.08046875
1 0.26796875 0.728125 0.0625 0.0765625
0 0.22109375 0.621875 0.05703125 0.06484375
1 0.28359375 0.6359375 0.04921875 0.04296875
1 0.1625 0.6921875 0.065625 0.084375
0 0.4796875 0.8875 0.053125 0.06953125
1 0.4734375 0.8140625 0.08046875 0.07890625
1 0.18984375 0.93828125 0.03984375 0.06328125
0 0.1375 0.43671875 0.0640625 0.12265625
0 0.20625 0.4078125 0.07578125 0.07421875
0 0.028125 0.43046875 0.05625 0.0609375
0 0.02109375 0.35 0.0421875 0.08125
0 0.08125 0.446875 0.04609375 0.09296875
0 0.46484375 0.3109375 0.05390625 0.0625
0 0.515625 0.1453125 0.053125 0.07890625
0 0.44609375 0.02578125 0.1140625 0.05
0 0.56875 0.1109375 0.05078125 0.090625
0 0.23984375 0.90703125 0.05859375 0.08515625
0 0.3203125 0.9015625 0.0546875 0.08359375
0 0.353125 0.97109375 0.03515625 0.0578125
0 0.63671875 0.93515625 0.05390625 0.0921875
0 0.5703125 0.47421875 0.090625 0.06796875
0 0.66171875 0.4265625 0.0640625 0.08828125
0 0.61015625 0.03046875 0.06328125 0.0609375
0 0.6765625 0.0640625 0.08046875 0.05546875
0 0.703125 0.0234375 0.0609375 0.046875
0 0.396875 0.7671875 0.06171875 0.07421875
0 0.6765625 0.659375 0.07109375 0.0859375
0 0.790625 0.30078125 0.06171875 0.078125
0 0.540625 0.8640625 0.05 0.096875
0 0.47421875 0.74140625 0.06796875 0.06640625
0 0.56796875 0.7 0.08515625 0.0859375
0 0.48828125 0.66953125 0.04296875 0.05234375
0 0.69609375 0.97421875 0.04765625 0.05078125