1 0.06171875 0.48828125 0.078125 0.0875
1 0.8046875 0.46953125 0.0640625 0.0859375
1 0.8921875 0.11796875 0.07421875 0.06484375
1 0.83984375 0.2421875 0.071875 0.09453125
1 0.925 0.18046875 0.0765625 0.07890625
0 0.80625 0.3671875 0.0890625 0.1125
1 0.8890625 0.30234375 0.0765625 0.0953125
1 0.9578125 0.24921875 0.084375 0.07734375
0 0.884375 0.4234375 0.0578125 0.05625
0 0.09765625 0.94921875 0.05625 0.04921875
0 0.12890625 0.896875 0.04765625 0.05234375
1 0.2265625 0.8234375 0.059375 0.096875
1 0.078125 0.878125 0.0390625 0.05859375
1 0.215625 0.546875 0.04609375 0.0609375
1 0.334375 0.58828125 0.04765625 0.06328125
1 0.4171875 0.578125 0.07890625 0.10546875
1 0.76640625 0.728125 0.07265625 0.0765625
1 0.83984375 0.97578125 0.0625 0.0484375
0 0.64140625 0.93046875 0.0625 0.09296875
1 0.6953125 0.96875 0.06875 0.06171875
1 0.3125 0.86953125 0.0875 0.0859375
1 0.57890625 0.8859375 0.090625 0.11484375
0 0.11171875 0.20234375 0.053125 0.0640625
0 0.39375 0.3375 0.071875 0.07578125
0 0.459375 0.26796875 0.065625 0.075
0 0.0671875 0.403125 0.10703125 0.07734375
0 0.14375 0.3546875 0.040625 0.05625
0 0.12734375 0.30703125 0.04375 0.0328125
0 0.2015625 0.4265625 0.0671875 0.06171875
0 0.178125 0.3921875 0.04296875 0.0515625
0 0.253125 0.3484375 0.103125 0.07109375
0 0.53203125 0.321875 0.0671875 0.053125
0 0.0515625 0.8046875 0.05703125 0.09921875
0 0.9765625 0.58671875 0.0375 0.08359375
0 0.91171875 0.96796875 0.08984375 0.0640625
0 0.884375 0.90703125 0.0796875 0.06796875
0 0.9546875 0.8515625 0.0859375 0.10859375
0 0.96484375 0.95390625 0.04453125 0.08984375