1 0.02109375 0.03203125 0.0421875 0.0640625
0 0.0515625 0.37265625 0.04921875 0.05234375
1 0.09296875 0.32890625 0.059375 0.08515625
1 0.25234375 0.15390625 0.04765625 0.08828125
1 0.3171875 0.11875 0.07109375 0.053125
1 0.34140625 0.0640625 0.06171875 0.090625
1 0.853125 0.04765625 0.103125 0.09453125
1 0.74296875 0.4890625 0.0875 0.125
1 0.7484375 0.378125 0.06640625 0.0625
0 0.51328125 0.43828125 0.06171875 0.1484375
1 0.61875 0.33359375 0.03203125 0.05078125
1 0.82421875 0.3109375 0.03203125 0.08125
1 0.3078125 0.628125 0.06171875 0.05078125
1 0.296875 0.559375 0.08359375 0.0640625
1 0.2953125 0.4703125 0.08984375 0.13125
1 0.3734375 0.49140625 0.05859375 0.09296875
0 0.2984375 0.91953125 0.03359375 0.03984375
0 0.26484375 0.84140625 0.0828125 0.07890625
1 0.3359375 0.84140625 0.01953125 0.07109375
1 0.34296875 0.771875 0.0734375 0.06484375
1 0.3921875 0.7046875 0.06015625 0.1015625
1 0.39375 0.59296875 0.05 0.08203125
1 0.44609375 0.5078125 0.06015625 0.09921875
1 0.2171875 0.5015625 0.06328125 0.1046875
1 0.2703125 0.69609375 0.05390625 0.0875
1 0.81484375 0.50625 0.0296875 0.05234375
1 0.61171875 0.84765625 0.053125 0.13671875
0 0.66796875 0.74140625 0.040625 0.0578125
1 0.7296875 0.7421875 0.0609375 0.0953125
1 0.5234375 0.7578125 0.02734375 0.03203125
1 0.44296875 0.68125 0.04140625 0.11640625
1 0.315625 0.971875 0.0875 0.05625
1 0.6265625 0.98359375 0.06015625 0.0328125
1 0.9078125 0.82265625 0.06484375 0.059375
1 0.91796875 0.75859375 0.05859375 0.04375
1 0.95078125 0.88984375 0.09765625 0.0859375
1 0.684375 0.94140625 0.0828125 0.0828125
0 0.609375 0.69609375 0.07578125 0.10546875
0 0.93828125 0.525 0.0578125 0.103125
1 0.68984375 0.04453125 0.1265625 0.0890625
0 0.58125 0.1796875 0.040625 0.0765625
0 0.64140625 0.2 0.04453125 0.0859375
1 0.35 0.19375 0.05234375 0.08359375
0 0.221875 0.22578125 0.05078125 0.0625
0 0.03203125 0.22578125 0.04921875 0.0625
0 0.0546875 0.1546875 0.0328125 0.0546875
0 0.171875 0.11015625 0.0578125 0.11640625
0 0.171875 0.025 0.034375 0.05
0 0.4078125 0.14453125 0.0375 0.0828125
0 0.45 0.2234375 0.06328125 0.07109375
0 0.82734375 0.1546875 0.0328125 0.09453125
1 0.91015625 0.14375 0.078125 0.0984375
0 0.05 0.5453125 0.0453125 0.059375
0 0.0609375 0.45390625 0.03671875 0.071875
0 0.37265625 0.89296875 0.053125 0.0578125
0 0.3984375 0.8671875 0.059375 0.05546875
0 0.71015625 0.85703125 0.0671875 0.0796875