1 0.91328125 0.13125 0.05390625 0.05625
1 0.11875 0.08046875 0.1296875 0.1609375
1 0.06171875 0.0203125 0.0484375 0.040625
1 0.15234375 0.34296875 0.03671875 0.08203125
1 0.203125 0.3703125 0.05703125 0.0921875
1 0.27734375 0.36171875 0.0625 0.06640625
0 0.3125 0.315625 0.034375 0.0625
0 0.29296875 0.25859375 0.040625 0.0515625
1 0.403125 0.27265625 0.0203125 0.0484375
0 0.50625 0.09765625 0.07890625 0.1765625
1 0.55625 0.090625 0.03984375 0.07265625
1 0.16328125 0.51015625 0.03984375 0.05078125
1 0.14453125 0.8109375 0.034375 0.0640625
1 0.190625 0.72421875 0.071875 0.090625
1 0.2734375 0.628125 0.0375 0.04453125
1 0.315625 0.56171875 0.0359375 0.0375
1 0.40078125 0.50703125 0.046875 0.06171875
1 0.01328125 0.71796875 0.0265625 0.0890625
1 0.125 0.6375 0.04453125 0.0828125
1 0.07265625 0.80390625 0.05 0.0578125
1 0.1765625 0.9796875 0.071875 0.040625
1 0.26953125 0.96953125 0.0828125 0.0609375
1 0.2421875 0.90390625 0.05390625 0.04296875
1 0.2609375 0.81328125 0.07421875 0.059375
1 0.2734375 0.73984375 0.0453125 0.059375
1 0.3578125 0.95390625 0.078125 0.0921875
1 0.32734375 0.8265625 0.07265625 0.09375
1 0.484375 0.92734375 0.13359375 0.14453125
1 0.559375 0.8046875 0.06484375 0.08671875
1 0.615625 0.88984375 0.08203125 0.09609375
1 0.67890625 0.59375 0.0625 0.08046875
1 0.85625 0.9625 0.05078125 0.0578125
0 0.63046875 0.31875 0.05546875 0.10546875
0 0.62890625 0.1640625 0.0515625 0.05859375
0 0.71015625 0.24765625 0.07109375 0.09765625
0 0.76796875 0.5453125 0.084375 0.07734375
0 0.73984375 0.45625 0.0765625 0.06328125
0 0.79375 0.665625 0.05078125 0.0625
0 0.06328125 0.35703125 0.06796875 0.11875
0 0.38359375 0.690625 0.034375 0.05078125
0 0.50625 0.69609375 0.05703125 0.08359375
0 0.27109375 0.1671875 0.03203125 0.0515625
0 0.91328125 0.5625 0.0359375 0.053125