0 0.3734375 0.27421875 0.0765625 0.06953125
0 0.3921875 0.184375 0.06015625 0.10390625
1 0.45625 0.078125 0.08203125 0.09375
1 0.4265625 0.0265625 0.0375 0.053125
0 0.55703125 0.1234375 0.06328125 0.07578125
1 0.5515625 0.03828125 0.059375 0.0765625
1 0.7984375 0.01875 0.09140625 0.0375
1 0.8375 0.1078125 0.05859375 0.04921875
1 0.3390625 0.4765625 0.084375 0.1
0 0.8390625 0.375 0.06015625 0.06171875
1 0.93203125 0.39140625 0.06328125 0.08515625
0 0.265625 0.734375 0.0390625 0.07890625
1 0.36875 0.69765625 0.06796875 0.0875
0 0.403125 0.88046875 0.08203125 0.1078125
1 0.484375 0.81640625 0.06171875 0.0921875
1 0.528125 0.76953125 0.04609375 0.046875
0 0.49609375 0.91953125 0.06328125 0.08359375
0 0.5953125 0.9453125 0.07265625 0.10859375
1 0.5796875 0.85390625 0.03828125 0.05
1 0.21171875 0.7515625 0.05703125 0.0515625
1 0.0421875 0.790625 0.07109375 0.08984375
0 0.03828125 0.62890625 0.06171875 0.07421875
1 0.10546875 0.58046875 0.0765625 0.09296875
1 0.1296875 0.50625 0.0671875 0.06953125
1 0.02421875 0.29375 0.046875 0.0734375
1 0.0125 0.20546875 0.02421875 0.075
1 0.02890625 0.403125 0.0578125 0.08125
0 0.08125 0.440625 0.05 0.090625
1 0.06953125 0.359375 0.07109375 0.08828125
0 0.62109375 0.21171875 0.053125 0.0875
0 0.1 0.28984375 0.065625 0.078125
0 0.421875 0.32578125 0.04765625 0.084375
0 0.1125 0.20546875 0.0734375 0.09296875
0 0.49609375 0.196875 0.08515625 0.09296875
0 0.48671875 0.4640625 0.07109375 0.09296875
0 0.47109375 0.69765625 0.05703125 0.090625
0 0.540625 0.71875 0.0671875 0.0703125
0 0.54375 0.6453125 0.0546875 0.0625
0 0.6390625 0.71328125 0.059375 0.0734375
0 0.75390625 0.3609375 0.0515625 0.07421875
0 0.88828125 0.3125 0.0828125 0.065625
0 0.63125 0.090625 0.05703125 0.06875
0 0.61484375 0.0265625 0.0703125 0.053125
0 0.0953125 0.69296875 0.05546875 0.0859375
0 0.2375 0.89765625 0.07265625 0.0484375
0 0.65546875 0.821875 0.0515625 0.09296875
0 0.37734375 0.61953125 0.04765625 0.0828125
0 0.46875 0.36328125 0.07109375 0.1234375
0 0.17734375 0.6859375 0.05859375 0.0859375
0 0.18984375 0.20625 0.0578125 0.07265625
0 0.9421875 0.09375 0.075 0.04453125