1 0.16796875 0.1109375 0.05859375 0.06875
1 0.21875 0.025 0.10703125 0.05
1 0.35078125 0.02890625 0.04375 0.05703125
0 0.39375 0.09296875 0.05 0.078125
0 0.4109375 0.03046875 0.0625 0.0609375
1 0.47421875 0.11875 0.05390625 0.0625
1 0.475 0.03125 0.05625 0.0625
1 0.5875 0.078125 0.0765625 0.10546875
1 0.609375 0.02109375 0.05 0.0421875
1 0.84375 0.55703125 0.02578125 0.0328125
1 0.97578125 0.4984375 0.0484375 0.103125
1 0.9625 0.425 0.04453125 0.04609375
1 0.98671875 0.37578125 0.0265625 0.08125
1 0.7203125 0.51015625 0.06875 0.1046875
0 0.446875 0.9796875 0.071875 0.040625
1 0.45390625 0.9265625 0.04453125 0.065625
0 0.38828125 0.7796875 0.075 0.11640625
0 0.37421875 0.88125 0.04296875 0.0875
1 0.5015625 0.8234375 0.034375 0.06484375
1 0.065625 0.4171875 0.059375 0.0796875
1 0.79765625 0.80234375 0.0453125 0.0640625
1 0.85546875 0.828125 0.06640625 0.0875
1 0.84609375 0.77265625 0.05703125 0.0984375
1 0.965625 0.61953125 0.06796875 0.11796875
1 0.946875 0.54375 0.0625 0.08125
0 0.509375 0.96640625 0.05 0.06640625
1 0.5546875 0.8796875 0.06796875 0.09375
0 0.596875 0.8234375 0.05390625 0.0828125
0 0.54453125 0.9796875 0.0671875 0.040625
0 0.6375 0.946875 0.06484375 0.09921875
0 0.6671875 0.840625 0.078125 0.05546875
1 0.69140625 0.759375 0.0734375 0.09921875
0 0.10703125 0.34375 0.07421875 0.084375
0 0.4109375 0.21953125 0.0703125 0.08984375
0 0.65390625 0.19453125 0.034375 0.10703125
0 0.5171875 0.20390625 0.06484375 0.071875
1 0.96796875 0.3125 0.0640625 0.07890625
0 0.55546875 0.48515625 0.08359375 0.0984375
0 0.5546875 0.378125 0.06015625 0.08671875
0 0.6046875 0.41953125 0.0609375 0.10078125
0 0.6171875 0.33984375 0.04609375 0.0671875
0 0.575 0.571875 0.08125 0.06328125
0 0.16953125 0.4171875 0.065625 0.09765625
0 0.253125 0.3890625 0.04609375 0.05859375
0 0.0421875 0.08984375 0.07890625 0.06328125
0 0.875 0.23125 0.04765625 0.09140625
1 0.959375 0.221875 0.075 0.09921875
0 0.47578125 0.696875 0.05703125 0.1109375
0 0.5671875 0.75078125 0.05703125 0.08515625
0 0.6703125 0.67421875 0.06796875 0.06640625
0 0.79765625 0.96796875 0.08515625 0.0640625
0 0.89765625 0.740625 0.04453125 0.06953125
0 0.9765625 0.74609375 0.04609375 0.09765625
0 0.15859375 0.54765625 0.05234375 0.07265625