1 0.275 0.2453125 0.06640625 0.06015625
1 0.93828125 0.1171875 0.06328125 0.0640625
1 0.97578125 0.20859375 0.0484375 0.1078125
1 0.4203125 0.396875 0.05 0.0875
1 0.03359375 0.4140625 0.06640625 0.11796875
0 0.02265625 0.64609375 0.0453125 0.121875
1 0.0796875 0.54921875 0.10546875 0.08359375
1 0.140625 0.4703125 0.0625 0.05546875
1 0.48515625 0.47421875 0.09921875 0.13046875
1 0.4734375 0.83828125 0.07578125 0.0953125
1 0.52109375 0.79296875 0.04140625 0.0671875
1 0.025 0.93203125 0.03046875 0.1
1 0.08828125 0.88359375 0.08203125 0.10078125
0 0.01796875 0.81484375 0.0359375 0.0671875
1 0.10078125 0.803125 0.04921875 0.08671875
0 0.96328125 0.040625 0.0734375 0.08125
1 0.1515625 0.85703125 0.06171875 0.15
0 0.2328125 0.8546875 0.0640625 0.1234375
0 0.23828125 0.734375 0.078125 0.08828125
0 0.18671875 0.64609375 0.0640625 0.1
1 0.28046875 0.6515625 0.05546875 0.075
0 0.359375 0.3671875 0.053125 0.08203125
0 0.32421875 0.28671875 0.04921875 0.07265625
1 0.41875 0.31484375 0.05 0.05234375
0 0.37109375 0.50546875 0.0625 0.059375
0 0.01796875 0.74921875 0.0359375 0.0734375
0 0.4375 0.73828125 0.0796875 0.09140625
0 0.240625 0.4734375 0.05234375 0.0984375