1 0.3078125 0.0296875 0.06953125 0.059375
1 0.3390625 0.11875 0.078125 0.14765625
1 0.40625 0.146875 0.03984375 0.08203125
0 0.01953125 0.4234375 0.0390625 0.06015625
1 0.03828125 0.34453125 0.0578125 0.06796875
0 0.115625 0.46640625 0.0828125 0.07890625
1 0.2109375 0.4390625 0.02734375 0.0609375
1 0.471875 0.475 0.0625 0.0828125
1 0.46875 0.3921875 0.053125 0.05546875
1 0.5390625 0.440625 0.08515625 0.0984375
1 0.58125 0.1421875 0.1 0.13125
1 0.6328125 0.040625 0.05859375 0.08046875
1 0.684375 0.084375 0.08671875 0.08828125
1 0.4 0.68125 0.04921875 0.0625
1 0.47890625 0.6265625 0.04140625 0.06875
0 0.4609375 0.815625 0.059375 0.07265625
1 0.50625 0.72890625 0.05078125 0.0859375
1 0.59609375 0.90859375 0.07109375 0.0875
1 0.57890625 0.81328125 0.0546875 0.09921875
1 0.68125 0.85 0.0578125 0.1046875
1 0.453125 0.94140625 0.05703125 0.09609375
1 0.521875 0.9609375 0.0734375 0.07734375
1 0.65703125 0.971875 0.0390625 0.05625
1 0.74609375 0.765625 0.06328125 0.11171875
1 0.98125 0.3828125 0.0375 0.109375
1 0.93984375 0.3140625 0.065625 0.10859375
1 0.85078125 0.0765625 0.04375 0.13359375
0 0.81484375 0.2046875 0.0578125 0.0953125
1 0.90625 0.1234375 0.07109375 0.0890625
1 0.96875 0.04765625 0.06171875 0.09453125
0 0.7078125 0.19375 0.0875 0.14140625
1 0.84921875 0.79609375 0.08203125 0.24375
1 0.7671875 0.65546875 0.08203125 0.0828125
0 0.7859375 0.575 0.06640625 0.09609375
0 0.76640625 0.40625 0.05859375 0.084375
0 0.51875 0.5859375 0.040625 0.1
0 0.6140625 0.6328125 0.0390625 0.0640625
0 0.6703125 0.653125 0.0859375 0.06484375
0 0.0671875 0.98125 0.10703125 0.0375
0 0.1390625 0.92578125 0.07109375 0.07421875
0 0.21953125 0.8140625 0.103125 0.090625