0 0.26015625 0.0921875 0.04609375 0.06640625
0 0.04921875 0.22734375 0.053125 0.0703125
0 0.075 0.45703125 0.0734375 0.065625
1 0.06796875 0.36796875 0.0546875 0.06953125
0 0.128125 0.2953125 0.05 0.04921875
1 0.35546875 0.21953125 0.0546875 0.05859375
1 0.34921875 0.1359375 0.059375 0.05703125
0 0.41875 0.04375 0.046875 0.06953125
0 0.1546875 0.234375 0.05 0.0484375
0 0.2875 0.234375 0.03046875 0.03046875
1 0.2703125 0.37890625 0.053125 0.1046875
0 0.3234375 0.28359375 0.04375 0.04375
0 0.5125 0.11171875 0.03359375 0.06171875
0 0.67734375 0.19453125 0.0375 0.053125
0 0.853125 0.23359375 0.03984375 0.05078125
0 0.953125 0.28125 0.03515625 0.065625
0 0.96640625 0.184375 0.05234375 0.06953125
0 0.959375 0.12421875 0.03828125 0.0546875
0 0.95234375 0.02109375 0.03359375 0.0421875
0 0.840625 0.14921875 0.03671875 0.04765625
1 0.81171875 0.0875 0.0640625 0.0796875
0 0.896875 0.121875 0.0421875 0.04140625
1 0.3921875 0.40546875 0.0640625 0.05546875
1 0.44140625 0.41875 0.0515625 0.0640625
0 0.54453125 0.471875 0.0796875 0.13515625
0 0.51484375 0.38984375 0.0515625 0.05546875
0 0.625 0.36875 0.0390625 0.0578125
0 0.68203125 0.36640625 0.04609375 0.07109375
0 0.25859375 0.5625 0.065625 0.065625
0 0.3109375 0.571875 0.03671875 0.053125
0 0.43515625 0.525 0.03984375 0.06328125
0 0.59296875 0.64609375 0.03828125 0.05
0 0.42265625 0.97734375 0.0703125 0.0453125
0 0.45703125 0.9265625 0.0375 0.0625
0 0.26640625 0.98203125 0.0625 0.03515625
1 0.3328125 0.89375 0.0359375 0.05
0 0.3734375 0.85625 0.040625 0.05078125
0 0.48203125 0.840625 0.03046875 0.05625
0 0.415625 0.771875 0.05859375 0.05546875
1 0.85390625 0.85390625 0.046875 0.07265625
0 0.86171875 0.7796875 0.05703125 0.08125
0 0.85078125 0.703125 0.03515625 0.0484375
0 0.7625 0.54375 0.0375 0.06875
0 0.165625 0.7734375 0.053125 0.0546875
1 0.23671875 0.77734375 0.04921875 0.08984375
1 0.22890625 0.71484375 0.040625 0.03984375
0 0.2640625 0.6796875 0.040625 0.05
0 0.0640625 0.71015625 0.0375 0.053125
0 0.09609375 0.68671875 0.0484375 0.0421875
1 0.13515625 0.6453125 0.05 0.07109375
0 0.23359375 0.62578125 0.03359375 0.040625
0 0.74609375 0.4765625 0.03125 0.059375
0 0.796875 0.48046875 0.04765625 0.0625
0 0.5640625 0.02890625 0.065625 0.05703125
1 0.5796875 0.16171875 0.05625 0.0671875
0 0.11484375 0.18515625 0.03671875 0.03828125
0 0.4265625 0.3625 0.0265625 0.0265625
1 0.5171875 0.33828125 0.05234375 0.05
1 0.96171875 0.70546875 0.0765625 0.0984375
1 0.915625 0.88203125 0.03125 0.03046875
1 0.3421875 0.621875 0.053125 0.046875
1 0.36875 0.36875 0.0359375 0.053125
1 0.0265625 0.96796875 0.03828125 0.0640625
1 0.1484375 0.58046875 0.06875 0.04765625
0 0.17578125 0.8828125 0.04296875 0.06796875
0 0.965625 0.97421875 0.06875 0.05078125
0 0.41953125 0.68359375 0.05234375 0.04453125
0 0.47421875 0.2953125 0.07734375 0.06015625
0 0.51953125 0.58828125 0.0515625 0.06796875