1 0.4421875 0.3625 0.0890625 0.1
0 0.259375 0.16484375 0.04453125 0.05625
1 0.3390625 0.13125 0.06015625 0.05625
1 0.275 0.95078125 0.08828125 0.09765625
1 0.81953125 0.3203125 0.06640625 0.103125
1 0.86796875 0.30859375 0.03828125 0.05390625
0 0.2515625 0.59453125 0.078125 0.09375
0 0.2953125 0.48828125 0.05390625 0.07421875
0 0.36171875 0.55234375 0.05703125 0.04609375
0 0.528125 0.47578125 0.04609375 0.084375
0 0.92109375 0.39765625 0.04609375 0.0625
0 0.6125 0.60078125 0.05546875 0.07109375
0 0.42265625 0.053125 0.04609375 0.065625
0 0.12890625 0.0765625 0.0515625 0.05390625
0 0.21875 0.034375 0.053125 0.0453125
0 0.1546875 0.303125 0.04609375 0.05546875
0 0.0359375 0.57734375 0.071875 0.1234375
0 0.0921875 0.5015625 0.03203125 0.04296875
0 0.684375 0.19453125 0.05546875 0.0796875
0 0.1265625 0.6421875 0.05234375 0.07734375
0 0.0453125 0.94140625 0.0625 0.0921875
0 0.96328125 0.18125 0.0734375 0.10234375
0 0.95703125 0.0734375 0.03828125 0.0609375
0 0.75703125 0.24375 0.04921875 0.04453125
0 0.49296875 0.11796875 0.0609375 0.0609375
0 0.5171875 0.02578125 0.046875 0.0515625
0 0.65234375 0.0984375 0.04921875 0.09296875
0 0.778125 0.909375 0.1 0.18125
0 0.55625 0.78671875 0.0625 0.134375
0 0.609375 0.87578125 0.0703125 0.07734375
0 0.81796875 0.034375 0.05 0.0453125
0 0.7828125 0.4328125 0.05546875 0.10234375
0 0.421875 0.61328125 0.05234375 0.05234375
0 0.94453125 0.61015625 0.07109375 0.1265625
0 0.55390625 0.3296875 0.06640625 0.109375