1 0.0296875 0.053125 0.059375 0.10625
0 0.059375 0.7171875 0.059375 0.0546875
0 0.04140625 0.665625 0.0515625 0.084375
1 0.0234375 0.590625 0.046875 0.053125
1 0.02265625 0.52578125 0.03984375 0.05546875
1 0.234375 0.14609375 0.04765625 0.090625
0 0.278125 0.190625 0.0515625 0.0859375
1 0.35546875 0.159375 0.0765625 0.125
1 0.25859375 0.06796875 0.04296875 0.0640625
1 0.32578125 0.07265625 0.04765625 0.06875
1 0.328125 0.03125 0.0390625 0.05234375
0 0.02109375 0.4546875 0.0421875 0.075
1 0.14140625 0.4234375 0.040625 0.07421875
0 0.01484375 0.38515625 0.0296875 0.0484375
1 0.1453125 0.3609375 0.0484375 0.06875
1 0.125 0.27421875 0.0390625 0.06953125
1 0.16484375 0.275 0.0515625 0.05390625
1 0.22421875 0.4421875 0.05 0.0625
1 0.2515625 0.4046875 0.05234375 0.0765625
0 0.1546875 0.128125 0.05 0.0625
1 0.17734375 0.040625 0.05859375 0.0796875
0 0.28359375 0.80859375 0.07109375 0.0625
1 0.36875 0.7296875 0.06796875 0.115625
1 0.575 0.075 0.0515625 0.0859375
0 0.3640625 0.3640625 0.053125 0.071875
1 0.47421875 0.359375 0.08203125 0.11484375
1 0.50234375 0.25078125 0.08359375 0.1125
1 0.5484375 0.35 0.059375 0.09296875
1 0.57109375 0.24140625 0.078125 0.09296875
1 0.58125 0.2 0.04609375 0.06875
1 0.61875 0.1671875 0.06171875 0.0734375
1 0.7625 0.28984375 0.08125 0.10625
1 0.77734375 0.47578125 0.0578125 0.0625
1 0.7890625 0.4046875 0.103125 0.10234375
1 0.97578125 0.396875 0.0484375 0.12421875
1 0.525 0.55625 0.09453125 0.10625
1 0.5890625 0.47734375 0.06015625 0.078125
0 0.70390625 0.69609375 0.0625 0.08359375
1 0.74609375 0.60078125 0.053125 0.08828125
1 0.7734375 0.56953125 0.0375 0.0796875
1 0.58828125 0.74375 0.06875 0.10234375
0 0.80703125 0.9421875 0.06875 0.084375
1 0.87578125 0.971875 0.0453125 0.05625
1 0.97109375 0.946875 0.0484375 0.07109375
1 0.47421875 0.95390625 0.0484375 0.0921875
1 0.38984375 0.8640625 0.046875 0.0578125
0 0.83203125 0.05234375 0.0734375 0.08515625
0 0.72265625 0.203125 0.06015625 0.0578125
0 0.221875 0.2890625 0.0546875 0.0765625
0 0.02109375 0.7953125 0.0421875 0.05625
0 0.22109375 0.75703125 0.07109375 0.06171875
0 0.28046875 0.6890625 0.0515625 0.06875
0 0.8375 0.2765625 0.0625 0.06953125
0 0.909375 0.328125 0.09375 0.09375
0 0.86171875 0.14609375 0.04921875 0.10390625
0 0.91015625 0.17265625 0.05625 0.0765625
0 0.9734375 0.271875 0.053125 0.11796875
0 0.9734375 0.02734375 0.053125 0.0546875
0 0.85234375 0.7109375 0.05703125 0.071875
0 0.9296875 0.65390625 0.05 0.07890625
0 0.915625 0.58046875 0.05859375 0.05703125
0 0.965625 0.55390625 0.0515625 0.053125
0 0.984375 0.5 0.03046875 0.065625
0 0.809375 0.83125 0.078125 0.10859375
0 0.54609375 0.8609375 0.0515625 0.05625
0 0.64375 0.83984375 0.05 0.08515625
0 0.46328125 0.86484375 0.0640625 0.0859375
0 0.928125 0.7875 0.065625 0.075