1 0.46015625 0.11796875 0.05703125 0.096875
0 0.52265625 0.09375 0.07109375 0.06640625
1 0.5453125 0.03125 0.06796875 0.0625
0 0.24375 0.171875 0.06171875 0.06640625
1 0.3 0.14296875 0.090625 0.09296875
1 0.38828125 0.196875 0.04765625 0.05703125
1 0.4234375 0.3234375 0.059375 0.096875
1 0.05859375 0.42421875 0.07109375 0.10625
1 0.1921875 0.321875 0.0890625 0.1109375
1 0.24921875 0.33046875 0.05078125 0.075
1 0.5546875 0.32578125 0.13515625 0.084375
1 0.4375 0.69296875 0.08046875 0.10390625
1 0.11875 0.62578125 0.03203125 0.0234375
1 0.184375 0.6890625 0.10859375 0.07890625
1 0.22109375 0.77578125 0.05703125 0.09140625
1 0.315625 0.7375 0.08125 0.11171875
1 0.24765625 0.86171875 0.053125 0.10234375
1 0.31484375 0.96796875 0.04765625 0.0640625
1 0.31640625 0.871875 0.0734375 0.078125
1 0.5953125 0.8953125 0.11484375 0.09296875
1 0.7328125 0.5046875 0.03203125 0.07578125
1 0.90390625 0.3875 0.04765625 0.06015625
1 0.90546875 0.63125 0.0640625 0.11015625
1 0.91640625 0.52890625 0.0765625 0.10625
1 0.8421875 0.68203125 0.0671875 0.08671875
1 0.94375 0.740625 0.075 0.0515625
1 0.525 0.79453125 0.09453125 0.146875
1 0.98359375 0.98203125 0.0328125 0.03515625
0 0.04609375 0.18125 0.0640625 0.11640625
0 0.02109375 0.11171875 0.0421875 0.1046875
0 0.1125 0.09453125 0.07734375 0.071875
0 0.09765625 0.034375 0.1 0.059375
1 0.39609375 0.93203125 0.06796875 0.13515625
1 0.4546875 0.884375 0.06484375 0.0890625
1 0.17734375 0.61640625 0.05859375 0.05703125
0 0.44609375 0.425 0.065625 0.0765625
0 0.80703125 0.8578125 0.07265625 0.0859375
0 0.83671875 0.95859375 0.05625 0.08203125
0 0.5796875 0.41796875 0.06875 0.0625
1 0.55703125 0.2171875 0.06015625 0.071875
1 0.56171875 0.15 0.05546875 0.0765625
1 0.3578125 0.825 0.03671875 0.059375