0 0.2625 0.09453125 0.05546875 0.06796875
1 0.31953125 0.00859375 0.0578125 0.0171875
0 0.20859375 0.2015625 0.059375 0.0578125
1 0.30625 0.13671875 0.04375 0.06640625
1 0.021875 0.3703125 0.04375 0.1140625
1 0.378125 0.096875 0.08515625 0.09921875
1 0.80390625 0.0671875 0.07578125 0.134375
1 0.90390625 0.08828125 0.06953125 0.07734375
1 0.9796875 0.03828125 0.040625 0.0765625
1 0.94609375 0.47265625 0.05234375 0.06953125
1 0.6921875 0.33125 0.075 0.10859375
1 0.428125 0.34453125 0.05234375 0.06796875
1 0.46796875 0.4046875 0.06953125 0.08046875
1 0.509375 0.3953125 0.04453125 0.0625
1 0.04296875 0.7828125 0.084375 0.13125
1 0.2859375 0.94140625 0.04453125 0.0828125
1 0.9765625 0.815625 0.04609375 0.11640625
1 0.9890625 0.71875 0.021875 0.05625
1 0.63125 0.90703125 0.05703125 0.06796875
0 0.39609375 0.61640625 0.05 0.05703125
1 0.4390625 0.55625 0.06953125 0.08046875
1 0.6171875 0.259375 0.0640625 0.0984375
0 0.45703125 0.19375 0.0421875 0.0875
1 0.51875 0.171875 0.0640625 0.0921875
0 0.08125 0.053125 0.06796875 0.10078125
0 0.0546875 0.93515625 0.0546875 0.0875
0 0.71796875 0.42109375 0.05546875 0.07265625
0 0.79609375 0.3609375 0.078125 0.11796875
0 0.98125 0.26953125 0.0375 0.1046875
0 0.54765625 0.07578125 0.08515625 0.07421875
0 0.95546875 0.65625 0.0484375 0.06640625
0 0.19140625 0.68828125 0.03359375 0.07734375
0 0.309375 0.67421875 0.05546875 0.08046875
0 0.12265625 0.790625 0.075 0.1078125
0 0.14765625 0.7140625 0.03984375 0.04765625
0 0.178125 0.62578125 0.05234375 0.06328125
0 0.15546875 0.325 0.0421875 0.06015625
0 0.203125 0.3578125 0.053125 0.07734375
0 0.26640625 0.428125 0.040625 0.0734375
0 0.25 0.35078125 0.034375 0.08046875
1 0.47734375 0.68828125 0.1015625 0.07734375
0 0.5234375 0.54765625 0.07734375 0.0625
1 0.5421875 0.88046875 0.0390625 0.05
0 0.6609375 0.8125 0.08046875 0.065625
0 0.6953125 0.93203125 0.07265625 0.0828125