1 0.01484375 0.2359375 0.0296875 0.11015625
1 0.24453125 0.1875 0.0734375 0.075
1 0.021875 0.5171875 0.04375 0.11328125
1 0.0171875 0.39921875 0.034375 0.0890625
1 0.0609375 0.31328125 0.090625 0.13828125
0 0.50625 0.23125 0.06875 0.1171875
1 0.4828125 0.13359375 0.0625 0.07890625
1 0.42890625 0.27421875 0.07578125 0.109375
0 0.3828125 0.39296875 0.0546875 0.09296875
1 0.45234375 0.38046875 0.090625 0.0859375
1 0.0484375 0.46640625 0.0421875 0.11015625
1 0.2953125 0.471875 0.03203125 0.071875
1 0.5234375 0.0484375 0.1703125 0.096875
0 0.76328125 0.1 0.10078125 0.11015625
1 0.73046875 0.015625 0.0390625 0.03125
1 0.75546875 0.425 0.07265625 0.1078125
1 0.80078125 0.33046875 0.07890625 0.07109375
1 0.7671875 0.28828125 0.06015625 0.0984375
1 0.825 0.2546875 0.08125 0.084375
1 0.7734375 0.54140625 0.09453125 0.078125
1 0.821875 0.46171875 0.0578125 0.06953125
1 0.8375 0.4125 0.05859375 0.07890625
1 0.940625 0.81953125 0.08125 0.1078125
1 0.05390625 0.87109375 0.0984375 0.0984375
1 0.52890625 0.7703125 0.04375 0.075
1 0.52890625 0.93828125 0.04375 0.08125
1 0.41171875 0.7140625 0.04609375 0.096875
1 0.32578125 0.80078125 0.1328125 0.159375
1 0.375 0.6796875 0.0265625 0.09921875
1 0.41953125 0.62890625 0.03828125 0.07421875
0 0.86015625 0.96484375 0.06328125 0.05859375
1 0.9203125 0.92890625 0.05 0.075
0 0.5953125 0.4140625 0.06484375 0.1171875
0 0.6390625 0.303125 0.059375 0.10546875
0 0.2375 0.80390625 0.0453125 0.0578125
0 0.25859375 0.70546875 0.1140625 0.0578125
0 0.3 0.3984375 0.0671875 0.06015625
0 0.2796875 0.3125 0.04609375 0.07890625
1 0.09140625 0.45625 0.06171875 0.08515625
0 0.07265625 0.971875 0.0703125 0.05625
0 0.0703125 0.71640625 0.09453125 0.07890625
0 0.1265625 0.58515625 0.078125 0.15546875
1 0.4609375 0.54140625 0.0375 0.09609375
0 0.74140625 0.7578125 0.0484375 0.109375
0 0.57421875 0.2234375 0.05 0.075
0 0.86796875 0.30859375 0.0515625 0.07578125
0 0.871875 0.02265625 0.07265625 0.0453125
0 0.96953125 0.5578125 0.0609375 0.084375
1 0.9578125 0.3828125 0.084375 0.06875
0 0.96328125 0.31328125 0.0734375 0.05390625
0 0.47734375 0.725 0.06875 0.128125
0 0.046875 0.05703125 0.0765625 0.06328125