1 0.025 0.359375 0.04921875 0.13203125
0 0.225 0.17421875 0.04765625 0.04453125
1 0.315625 0.1078125 0.03203125 0.0453125
1 0.3921875 0.06328125 0.078125 0.0984375
1 0.446875 0.315625 0.0484375 0.0625
1 0.953125 0.2359375 0.075 0.08203125
1 0.96640625 0.13671875 0.04765625 0.04453125
1 0.93359375 0.0578125 0.0671875 0.06640625
1 0.9796875 0.05546875 0.040625 0.0984375
1 0.48046875 0.3796875 0.05859375 0.08828125
1 0.5171875 0.375 0.0328125 0.03984375
1 0.046875 0.76875 0.09375 0.15234375
1 0.29765625 0.92421875 0.03203125 0.0484375
0 0.42109375 0.6078125 0.0421875 0.053125
1 0.47109375 0.54765625 0.09296875 0.08046875
1 0.54609375 0.5390625 0.05625 0.0765625
0 0.8140625 0.34140625 0.0875 0.11484375
1 0.9 0.38046875 0.0703125 0.06796875
1 0.9625 0.465625 0.05859375 0.05546875
1 0.984375 0.39765625 0.03046875 0.06640625
1 0.98984375 0.7890625 0.01953125 0.10859375
1 0.64140625 0.88515625 0.0765625 0.0953125
0 0.609375 0.98125 0.08359375 0.0375
1 0.67109375 0.95859375 0.06015625 0.08203125
0 0.47890625 0.16640625 0.05546875 0.06015625
1 0.553125 0.140625 0.08203125 0.08359375
1 0.65 0.265625 0.07109375 0.1109375
0 0.73203125 0.39609375 0.0484375 0.0765625
1 0.71796875 0.31171875 0.0515625 0.07734375
1 0.7078125 0.23828125 0.0359375 0.06953125
1 0.8046875 0.19609375 0.06796875 0.1765625
0 0.05546875 0.0890625 0.03046875 0.03359375
0 0.2859375 0.071875 0.08046875 0.06328125
0 0.81640625 0.0328125 0.0515625 0.06015625
0 0.0890625 0.025 0.0609375 0.05
1 0.490625 0.678125 0.08828125 0.09140625
0 0.56796875 0.040625 0.07734375 0.07578125
0 0.984375 0.6421875 0.0296875 0.07734375
1 0.6078125 0.7609375 0.05 0.05703125
0 0.6765625 0.78046875 0.07109375 0.1046875
0 0.73203125 0.925 0.05625 0.0859375
0 0.13046875 0.78359375 0.06328125 0.0796875
0 0.06875 0.92265625 0.0609375 0.090625
0 0.1 0.36953125 0.05625 0.06484375