1 0.2453125 0.1875 0.10078125 0.075
1 0.4734375 0.14375 0.0625 0.0765625
1 0.5203125 0.053125 0.15546875 0.10078125
1 0.425 0.26171875 0.06328125 0.09453125
0 0.38046875 0.384375 0.05859375 0.071875
1 0.44921875 0.378125 0.08515625 0.08046875
1 0.01953125 0.23828125 0.0390625 0.1078125
1 0.01875 0.3984375 0.03671875 0.071875
1 0.06796875 0.31875 0.07734375 0.1234375
0 0.7640625 0.328125 0.071875 0.06640625
0 0.74375 0.2875 0.0484375 0.065625
1 0.8140625 0.2609375 0.08203125 0.0828125
1 0.75078125 0.42890625 0.06796875 0.1109375
0 0.84296875 0.96015625 0.06484375 0.0796875
1 0.9 0.9203125 0.0546875 0.08515625
0 0.853125 0.8515625 0.06640625 0.090625
1 0.934375 0.821875 0.06875 0.08984375
1 0.29140625 0.46328125 0.0375 0.046875
0 0.0234375 0.5125 0.0328125 0.08671875
1 0.06484375 0.4671875 0.04765625 0.1109375
1 0.03828125 0.85078125 0.0578125 0.08984375
1 0.09140625 0.859375 0.0484375 0.10546875
1 0.30234375 0.83125 0.0765625 0.13984375
1 0.3671875 0.7625 0.08203125 0.09921875
1 0.3734375 0.65859375 0.0453125 0.084375
1 0.41640625 0.709375 0.05546875 0.09140625
1 0.41875 0.625 0.046875 0.08046875
1 0.5203125 0.91484375 0.02578125 0.0515625
1 0.484375 0.70625 0.0484375 0.12109375
1 0.52578125 0.75546875 0.03671875 0.04140625
0 0.7546875 0.10859375 0.08984375 0.10078125
1 0.74453125 0.02421875 0.12265625 0.0484375
0 0.55859375 0.653125 0.05859375 0.09453125
0 0.5984375 0.6234375 0.04375 0.06796875
0 0.72578125 0.6125 0.04453125 0.0765625
1 0.7640625 0.53515625 0.08125 0.06953125
1 0.79921875 0.4578125 0.053125 0.075
1 0.821875 0.41015625 0.06796875 0.06015625
0 0.059375 0.05390625 0.06484375 0.07578125
0 0.29609375 0.4 0.05546875 0.06640625
0 0.303125 0.103125 0.07421875 0.0984375
0 0.27734375 0.30859375 0.06171875 0.0765625
0 0.503125 0.2265625 0.059375 0.10859375
0 0.571875 0.221875 0.0578125 0.08984375
0 0.55 0.13203125 0.05859375 0.0578125
0 0.59609375 0.40234375 0.05234375 0.0890625
0 0.63046875 0.2984375 0.05859375 0.096875
1 0.45859375 0.5484375 0.059375 0.11484375
0 0.53125 0.50625 0.053125 0.06484375
0 0.22890625 0.784375 0.028125 0.071875
0 0.23984375 0.69140625 0.0859375 0.0609375
0 0.05078125 0.72890625 0.04296875 0.0546875
0 0.09921875 0.7046875 0.05390625 0.06015625
0 0.1421875 0.621875 0.05625 0.07265625
0 0.1171875 0.54765625 0.04609375 0.07734375
0 0.11328125 0.45234375 0.02890625 0.05078125
0 0.8578125 0.0296875 0.0765625 0.059375
0 0.853125 0.31015625 0.03203125 0.06640625
0 0.9359375 0.2359375 0.07109375 0.07890625
0 0.96953125 0.56015625 0.0609375 0.0671875
0 0.73359375 0.7375 0.0609375 0.090625
0 0.953125 0.45703125 0.0875 0.10078125