1 0.01953125 0.04609375 0.0390625 0.0921875
0 0.1625 0.09921875 0.03046875 0.06328125
1 0.17890625 0.03203125 0.06640625 0.0640625
1 0.24296875 0.1265625 0.034375 0.096875
1 0.02578125 0.59375 0.0515625 0.09765625
1 0.021875 0.50234375 0.04375 0.10625
1 0.1578125 0.390625 0.0375 0.06953125
1 0.15703125 0.3390625 0.04921875 0.05703125
0 0.025 0.3515625 0.04921875 0.07265625
1 0.13515625 0.25625 0.0421875 0.0734375
1 0.17109375 0.25625 0.0421875 0.06953125
1 0.2234375 0.42109375 0.034375 0.06484375
1 0.26640625 0.384375 0.0625 0.08515625
0 0.29375 0.16015625 0.04609375 0.0734375
1 0.36015625 0.1453125 0.05390625 0.075
1 0.2765625 0.04140625 0.05625 0.08203125
1 0.34921875 0.05 0.04609375 0.08203125
1 0.34609375 0.00859375 0.0390625 0.0171875
1 0.37578125 0.709375 0.05859375 0.11796875
1 0.5921875 0.04765625 0.06796875 0.09453125
1 0.5203125 0.21640625 0.071875 0.1140625
1 0.509375 0.325 0.08046875 0.10859375
1 0.571875 0.32578125 0.05390625 0.10234375
1 0.578125 0.21484375 0.05703125 0.08515625
1 0.60625 0.15859375 0.05078125 0.065625
1 0.634375 0.13046875 0.0625 0.06796875
1 0.61328125 0.74375 0.0609375 0.10625
1 0.5421875 0.5375 0.08828125 0.12265625
1 0.61640625 0.459375 0.0625 0.08828125
1 0.5015625 0.9453125 0.05625 0.0953125
1 0.40859375 0.84921875 0.03515625 0.059375
1 0.76171875 0.2796875 0.03984375 0.08046875
1 0.7953125 0.271875 0.0625 0.09609375
1 0.99140625 0.378125 0.0171875 0.0765625
1 0.9078125 0.9765625 0.06875 0.04609375
1 0.984375 0.940625 0.03046875 0.08046875
1 0.7828125 0.45703125 0.07890625 0.11875
0 0.74765625 0.76484375 0.1015625 0.1140625
0 0.7390625 0.6625 0.07109375 0.08671875
1 0.75 0.57734375 0.04453125 0.07421875
1 0.7984375 0.55625 0.04765625 0.09453125
1 0.81875 0.38359375 0.10078125 0.10078125
0 0.23046875 0.2546875 0.0625 0.084375
0 0.825 0.8203125 0.0515625 0.109375
1 0.94453125 0.559375 0.0484375 0.05625
0 0.91796875 0.51328125 0.0046875 0.003125
0 0.89765625 0.1265625 0.07109375 0.1046875
0 0.3765625 0.3421875 0.06015625 0.084375
0 0.4953125 0.84296875 0.0703125 0.06484375
0 0.5625 0.85625 0.065625 0.07734375
0 0.6671875 0.83671875 0.06484375 0.0875
0 0.8796875 0.690625 0.05703125 0.07265625
0 0.046875 0.6734375 0.0484375 0.046875
0 0.7515625 0.1765625 0.06484375 0.071875
0 0.94296875 0.3046875 0.1 0.0984375
0 0.86640625 0.0265625 0.0734375 0.053125
0 0.24140625 0.74140625 0.08515625 0.07109375
0 0.29296875 0.6765625 0.03984375 0.0578125
0 0.8328125 0.925 0.08828125 0.0859375