1 0.79765625 0.2890625 0.08515625 0.10859375
1 0.840625 0.2296875 0.08203125 0.09140625
1 0.2453125 0.1625 0.10546875 0.07890625
1 0.49921875 0.1125 0.078125 0.07578125
1 0.5375 0.03359375 0.15625 0.0671875
1 0.02109375 0.21640625 0.0421875 0.1203125
1 0.025 0.38515625 0.04921875 0.09453125
1 0.06484375 0.2921875 0.0796875 0.1375
1 0.44609375 0.25390625 0.09609375 0.11015625
1 0.3921875 0.36875 0.05078125 0.084375
1 0.46171875 0.35703125 0.09296875 0.09296875
1 0.3 0.45 0.03125 0.04296875
0 0.0203125 0.5 0.03046875 0.1109375
1 0.06328125 0.45859375 0.05 0.121875
0 0.1171875 0.52421875 0.05 0.06953125
1 0.10234375 0.4421875 0.0515625 0.084375
1 0.77734375 0.41171875 0.0796875 0.13046875
1 0.85390625 0.4078125 0.07265625 0.14140625
1 0.97421875 0.3703125 0.05078125 0.06640625
1 0.96171875 0.8078125 0.0765625 0.1125
1 0.071875 0.8671875 0.08046875 0.0953125
1 0.54296875 0.9203125 0.03125 0.053125
1 0.55625 0.759375 0.0359375 0.075
1 0.3125 0.8484375 0.08046875 0.075
1 0.28515625 0.7984375 0.05625 0.046875
1 0.3703125 0.76640625 0.096875 0.125
1 0.3859375 0.66015625 0.04765625 0.09140625
1 0.44375 0.7046875 0.06875 0.11328125
1 0.4265625 0.609375 0.07109375 0.09296875
0 0.26015625 0.6890625 0.078125 0.07890625
0 0.31171875 0.37734375 0.06015625 0.075
0 0.30625 0.06328125 0.09375 0.1265625
0 0.05859375 0.7203125 0.07109375 0.0875
0 0.10546875 0.68984375 0.05859375 0.075
0 0.62265625 0.3828125 0.05703125 0.103125
0 0.65859375 0.27578125 0.05703125 0.09921875
0 0.52421875 0.19765625 0.05703125 0.09453125
0 0.5859375 0.18828125 0.06875 0.08125
0 0.57734375 0.10703125 0.04765625 0.06484375
0 0.7921875 0.0765625 0.0921875 0.11171875
0 0.88515625 0.3125 0.0421875 0.0578125
1 0.7921875 0.53203125 0.08828125 0.0859375
0 0.98671875 0.53984375 0.0265625 0.06015625
0 0.6078125 0.96328125 0.04453125 0.0734375
0 0.15078125 0.6015625 0.05078125 0.090625
0 0.2921875 0.2796875 0.046875 0.084375
1 0.94375 0.934375 0.0390625 0.10390625
1 0.4921875 0.590625 0.071875 0.2078125