1 0.23203125 0.31015625 0.07421875 0.10546875
1 0.2390625 0.2296875 0.0390625 0.06953125
1 0.2890625 0.24921875 0.05546875 0.06953125
1 0.5046875 0.3671875 0.07109375 0.08671875
0 0.38515625 0.36484375 0.04609375 0.06328125
1 0.49765625 0.275 0.053125 0.0890625
1 0.3984375 0.51015625 0.05546875 0.07265625
0 0.4734375 0.2046875 0.0578125 0.06484375
0 0.5234375 0.134375 0.06484375 0.08046875
0 0.56328125 0.09296875 0.06328125 0.06015625
1 0.63671875 0.05 0.0640625 0.1
1 0.68125 0.0953125 0.03203125 0.0875
1 0.78515625 0.290625 0.07421875 0.08984375
1 0.90625 0.25703125 0.07890625 0.071875
1 0.93671875 0.3265625 0.1265625 0.096875
1 0.93515625 0.16953125 0.12890625 0.1109375
0 0.6765625 0.65234375 0.05703125 0.0984375
1 0.67421875 0.55625 0.06171875 0.0984375
1 0.78828125 0.49375 0.053125 0.08984375
1 0.85625 0.44140625 0.0640625 0.0875
1 0.8 0.83359375 0.13984375 0.121875
1 0.81484375 0.72109375 0.07109375 0.10703125
1 0.86484375 0.75078125 0.04609375 0.04453125
1 0.4671875 0.9015625 0.0453125 0.04296875
1 0.60859375 0.96796875 0.059375 0.0640625
0 0.7578125 0.953125 0.05859375 0.09296875
1 0.834375 0.94453125 0.075 0.1109375
0 0.11015625 0.18515625 0.0578125 0.09296875
0 0.19375 0.190625 0.0609375 0.04609375
0 0.271875 0.1890625 0.03359375 0.02890625
0 0.32890625 0.17734375 0.03671875 0.059375
0 0.0359375 0.24375 0.065625 0.07578125
0 0.065625 0.4453125 0.0375 0.04140625
0 0.56328125 0.29453125 0.05 0.05703125
0 0.58828125 0.21875 0.078125 0.09375
0 0.6796875 0.45859375 0.05 0.06796875
0 0.7390625 0.41640625 0.0484375 0.0734375
1 0.73828125 0.04140625 0.0609375 0.0828125
0 0.08046875 0.6296875 0.07421875 0.065625
0 0.475 0.73125 0.05625 0.0828125
0 0.7609375 0.68359375 0.03828125 0.07578125
1 0.23828125 0.60078125 0.096875 0.10234375
1 0.259375 0.4234375 0.0625 0.07421875