1 0.23125 0.01796875 0.04296875 0.0359375
1 0.03671875 0.19765625 0.071875 0.12265625
1 0.2203125 0.1625 0.05546875 0.10078125
1 0.23671875 0.28984375 0.053125 0.12421875
1 0.340625 0.1828125 0.04609375 0.084375
1 0.13359375 0.33203125 0.025 0.04296875
1 0.03203125 0.5734375 0.04140625 0.04296875
1 0.18671875 0.340625 0.05078125 0.07734375
1 0.27421875 0.3578125 0.07890625 0.07734375
1 0.7265625 0.29609375 0.0375 0.0375
1 0.9359375 0.4578125 0.04453125 0.053125
1 0.97890625 0.5640625 0.0421875 0.11875
1 0.9265625 0.6984375 0.075 0.09296875
1 0.98671875 0.70078125 0.0265625 0.10625
1 0.01875 0.70625 0.02265625 0.04921875
1 0.44921875 0.9046875 0.071875 0.11640625
1 0.86796875 0.92421875 0.034375 0.05234375
0 0.90390625 0.87109375 0.0296875 0.05859375
1 0.9625 0.83359375 0.0625 0.09453125
1 0.74609375 0.54375 0.0890625 0.153125
1 0.53125 0.646875 0.11484375 0.10625
1 0.159375 0.98359375 0.07265625 0.0328125
1 0.01015625 0.96171875 0.0203125 0.0765625
1 0.21875 0.715625 0.10703125 0.090625
1 0.15234375 0.834375 0.0625 0.08828125
1 0.21015625 0.86953125 0.05703125 0.10859375
1 0.28359375 0.8 0.09296875 0.0765625
1 0.34375 0.7140625 0.065625 0.08359375
1 0.32578125 0.6140625 0.13671875 0.1296875
0 0.0734375 0.80078125 0.03828125 0.06015625
1 0.48984375 0.35859375 0.040625 0.0375
1 0.4796875 0.27890625 0.03515625 0.0609375
1 0.0765625 0.5171875 0.04921875 0.109375