1 0.20546875 0.3375 0.05234375 0.0796875
0 0.63125 0.08046875 0.046875 0.075
1 0.6109375 0.01015625 0.053125 0.0203125
1 0.34296875 0.35078125 0.06953125 0.06640625
1 0.428125 0.3796875 0.025 0.04453125
1 0.4203125 0.340625 0.0265625 0.046875
1 0.4875 0.29140625 0.0375 0.08203125
1 0.496875 0.384375 0.05078125 0.05703125
1 0.51484375 0.296875 0.01953125 0.0609375
1 0.54140625 0.334375 0.0375 0.06015625
1 0.47578125 0.44296875 0.06171875 0.0640625
1 0.73125 0.4296875 0.078125 0.09453125
1 0.8578125 0.2859375 0.07578125 0.096875
1 0.7328125 0.61640625 0.0625 0.10703125
1 0.7140625 0.57265625 0.025 0.05078125
1 0.7140625 0.51640625 0.025 0.0359375
1 0.796875 0.59140625 0.06171875 0.11015625
1 0.334375 0.27734375 0.0515625 0.08515625
1 0.41640625 0.24375 0.07734375 0.0984375
1 0.56015625 0.79765625 0.075 0.1484375
1 0.6375 0.74765625 0.06953125 0.0796875
1 0.70234375 0.73828125 0.06875 0.0875
0 0.02109375 0.4765625 0.0421875 0.059375
0 0.178125 0.215625 0.034375 0.05078125
0 0.3015625 0.18515625 0.04453125 0.04375
0 0.4390625 0.12265625 0.034375 0.04375
0 0.90078125 0.13671875 0.07265625 0.084375
0 0.94140625 0.846875 0.0296875 0.05
0 0.2953125 0.8796875 0.05 0.0484375
0 0.228125 0.75390625 0.03515625 0.05625