0 0.45546875 0.1875 0.0625 0.0796875
0 0.55859375 0.0953125 0.07109375 0.0640625
1 0.6296875 0.04296875 0.06171875 0.0859375
1 0.66640625 0.08671875 0.05546875 0.0734375
1 0.49609375 0.275 0.06328125 0.0890625
1 0.5109375 0.37421875 0.06171875 0.07734375
0 0.07734375 0.34296875 0.07734375 0.090625
1 0.165625 0.28984375 0.07109375 0.1140625
1 0.22421875 0.3078125 0.0640625 0.10234375
1 0.240625 0.22734375 0.04296875 0.078125
1 0.27734375 0.25078125 0.04453125 0.0671875
0 0.21171875 0.03828125 0.0609375 0.0765625
1 0.25703125 0.0546875 0.03515625 0.059375
1 0.4015625 0.50078125 0.05234375 0.08125
0 0.71875 0.40234375 0.09296875 0.1109375
1 0.77734375 0.2921875 0.06796875 0.09765625
1 0.840625 0.25859375 0.0515625 0.06953125
1 0.68203125 0.5609375 0.0734375 0.13515625
1 0.7859375 0.5203125 0.0484375 0.05703125
1 0.84375 0.43984375 0.07109375 0.10625
1 0.95546875 0.3765625 0.0890625 0.0828125
1 0.89921875 0.1578125 0.0609375 0.12734375
1 0.96953125 0.0609375 0.0609375 0.05625
1 0.740625 0.059375 0.05625 0.05
1 0.90546875 0.33046875 0.0828125 0.07109375
1 0.90234375 0.259375 0.06796875 0.075
1 0.96328125 0.178125 0.0734375 0.06953125
1 0.83203125 0.71875 0.10546875 0.12421875
1 0.76171875 0.85234375 0.0890625 0.10625
1 0.83671875 0.940625 0.0796875 0.11875
1 0.82734375 0.8203125 0.0609375 0.07734375
1 0.59765625 0.971875 0.0703125 0.05625
1 0.4671875 0.903125 0.06328125 0.07734375
1 0.6734375 0.6765625 0.059375 0.09765625
1 0.525 0.15390625 0.040625 0.04765625
0 0.5546875 0.29375 0.0546875 0.078125
1 0.60234375 0.27265625 0.0296875 0.03125
0 0.72421875 0.01328125 0.0640625 0.0265625
0 0.334375 0.034375 0.06953125 0.05390625
0 0.3328125 0.16796875 0.0484375 0.0625
0 0.375 0.3640625 0.08046875 0.07578125
0 0.6625 0.4625 0.07421875 0.04453125
0 0.471875 0.7375 0.0328125 0.0546875
0 0.0671875 0.61875 0.0796875 0.08515625
0 0.06796875 0.45390625 0.059375 0.05390625
0 0.09375 0.17265625 0.08359375 0.1125
1 0.1875 0.2078125 0.08828125 0.05703125
1 0.0296875 0.25 0.059375 0.1
0 0.08515625 0.7828125 0.053125 0.06484375
0 0.09609375 0.903125 0.0671875 0.07734375
0 0.534375 0.8421875 0.0765625 0.059375