1 0.2140625 0.33984375 0.0484375 0.08125
1 0.565625 0.18046875 0.06328125 0.06484375
0 0.6265625 0.084375 0.05234375 0.0640625
1 0.6140625 0.0234375 0.0625 0.046875
1 0.85859375 0.2921875 0.0734375 0.1015625
1 0.71171875 0.6203125 0.09296875 0.1203125
0 0.63515625 0.53125 0.0640625 0.0921875
1 0.70625 0.5171875 0.04609375 0.05546875
1 0.728125 0.4375 0.07109375 0.075
1 0.778125 0.5796875 0.06015625 0.0875
1 0.55546875 0.821875 0.07421875 0.09296875
1 0.57265625 0.7421875 0.05 0.06328125
1 0.6328125 0.73515625 0.06484375 0.09453125
1 0.69375 0.7390625 0.06484375 0.07578125
1 0.33828125 0.35546875 0.08203125 0.06796875
1 0.415625 0.371875 0.05703125 0.06796875
1 0.4765625 0.42890625 0.06796875 0.05703125
1 0.3328125 0.28046875 0.065625 0.0859375
1 0.4125 0.2546875 0.065625 0.08828125
1 0.48984375 0.2890625 0.05859375 0.1
0 0.7578125 0.08359375 0.07265625 0.0546875
0 0.18671875 0.21953125 0.06015625 0.05
0 0.8828125 0.1453125 0.0765625 0.084375
1 0.2421875 0.4453125 0.08203125 0.06328125
1 0.296875 0.19296875 0.05234375 0.05390625
1 0.54375 0.34921875 0.078125 0.07265625
0 0.8640625 0.58671875 0.075 0.109375
0 0.46171875 0.89921875 0.11875 0.1234375
0 0.74375 0.965625 0.0796875 0.06875
0 0.9234375 0.684375 0.09140625 0.0859375
1 0.8 0.4703125 0.06328125 0.13125
0 0.4375 0.1203125 0.04453125 0.06640625