1 0.6484375 0.0390625 0.05625 0.078125
1 0.68359375 0.08359375 0.04921875 0.0765625
1 0.5015625 0.26484375 0.05625 0.1
1 0.51328125 0.3625 0.05703125 0.071875
1 0.23515625 0.31328125 0.06796875 0.103125
1 0.2328125 0.21796875 0.05390625 0.0640625
1 0.2828125 0.24296875 0.046875 0.06484375
1 0.68359375 0.546875 0.04921875 0.096875
1 0.81171875 0.56640625 0.025 0.03828125
1 0.83515625 0.72890625 0.09296875 0.1140625
1 0.7875 0.67578125 0.03046875 0.034375
1 0.79609375 0.2953125 0.08203125 0.09921875
1 0.8140625 0.24921875 0.028125 0.03359375
1 0.86015625 0.25390625 0.03203125 0.06015625
1 0.9265625 0.1671875 0.053125 0.15078125
1 0.8734375 0.44375 0.05859375 0.10546875
1 0.96875 0.36328125 0.04765625 0.05234375
1 0.91640625 0.2921875 0.059375 0.14140625
1 0.75234375 0.8359375 0.0578125 0.0859375
1 0.81171875 0.82421875 0.046875 0.08046875
1 0.846875 0.94765625 0.0765625 0.1046875
1 0.85625 0.8296875 0.0421875 0.065625
1 0.84765625 0.78359375 0.025 0.021875
1 0.88125 0.75390625 0.04296875 0.046875
1 0.48203125 0.9015625 0.05625 0.06171875
1 0.61328125 0.971875 0.0703125 0.05625
0 0.33125 0.16484375 0.040625 0.05625
0 0.48203125 0.74375 0.034375 0.0453125
0 0.09375 0.90078125 0.053125 0.0953125
1 0.97890625 0.0421875 0.0421875 0.0515625
1 0.9765625 0.17578125 0.03203125 0.0734375
1 0.41796875 0.49765625 0.04453125 0.06953125