0 0.615625 0.08203125 0.06015625 0.05078125
1 0.60859375 0.01484375 0.0703125 0.0296875
1 0.853125 0.28046875 0.07109375 0.13203125
1 0.4953125 0.2953125 0.06953125 0.0890625
1 0.5484375 0.1765625 0.04765625 0.04375
1 0.19609375 0.3484375 0.06015625 0.075
1 0.26953125 0.37734375 0.034375 0.0390625
1 0.3359375 0.36015625 0.07265625 0.08046875
0 0.3296875 0.4671875 0.09609375 0.08046875
1 0.44921875 0.4921875 0.06796875 0.1125
1 0.42890625 0.38515625 0.04453125 0.04140625
1 0.4109375 0.3390625 0.0265625 0.03984375
1 0.4671875 0.4375 0.04609375 0.06171875
0 0.26328125 0.31015625 0.04375 0.04765625
1 0.3296875 0.2828125 0.06015625 0.0734375
1 0.40859375 0.2421875 0.08828125 0.1046875
1 0.53515625 0.340625 0.046875 0.0375
1 0.6375 0.5265625 0.06953125 0.0875
1 0.72578125 0.4328125 0.09375 0.0921875
1 0.6421875 0.63359375 0.078125 0.0875
1 0.7265625 0.625 0.07734375 0.09296875
1 0.6921875 0.575 0.04375 0.05078125
1 0.70546875 0.52265625 0.05234375 0.0484375
1 0.78359375 0.58515625 0.0703125 0.08046875
1 0.5515625 0.825 0.08046875 0.078125
1 0.56484375 0.753125 0.04765625 0.08046875
1 0.6296875 0.73828125 0.07109375 0.0921875
1 0.6953125 0.73359375 0.07265625 0.0828125
1 0.10859375 0.246875 0.06015625 0.03828125
0 0.165625 0.21875 0.03984375 0.03828125
0 0.28984375 0.18046875 0.04375 0.04296875
0 0.43359375 0.12578125 0.03515625 0.0453125
0 0.37734375 0.06796875 0.02578125 0.0359375
0 0.88046875 0.13984375 0.08125 0.08203125
0 0.74921875 0.0828125 0.06015625 0.05703125
0 0.21875 0.75390625 0.05703125 0.046875
0 0.28515625 0.8671875 0.04296875 0.0515625
1 0.07421875 0.80390625 0.07578125 0.0578125
0 0.95859375 0.93203125 0.05 0.0546875
0 0.91875 0.8453125 0.05078125 0.07421875
1 0.0375 0.2421875 0.0703125 0.059375
1 0.86796875 0.58203125 0.06953125 0.0828125
1 0.8 0.484375 0.0546875 0.096875
1 0.9140625 0.66796875 0.09921875 0.06796875
0 0.465625 0.71171875 0.05 0.05234375