1 0.15390625 0.04921875 0.065625 0.0984375
1 0.0359375 0.58125 0.0703125 0.090625
1 0.09609375 0.6421875 0.05703125 0.059375
1 0.1171875 0.61328125 0.071875 0.05234375
1 0.165625 0.91328125 0.0359375 0.05703125
1 0.2609375 0.8578125 0.04765625 0.07734375
1 0.32890625 0.775 0.03671875 0.03984375
1 0.13828125 0.8234375 0.03984375 0.05703125
1 0.3859375 0.88515625 0.05234375 0.07734375
1 0.9640625 0.06484375 0.06953125 0.08828125
1 0.54921875 0.278125 0.05703125 0.10859375
1 0.77421875 0.3 0.0703125 0.08984375
1 0.4984375 0.55546875 0.02265625 0.025
1 0.51953125 0.478125 0.09140625 0.0796875
1 0.60546875 0.4734375 0.07578125 0.09296875
1 0.43671875 0.2078125 0.1 0.115625
1 0.36171875 0.39375 0.09296875 0.14375
0 0.47734375 0.9515625 0.03828125 0.03984375
1 0.55078125 0.76796875 0.04765625 0.05234375
1 0.69609375 0.7375 0.046875 0.059375
1 0.3828125 0.81875 0.0453125 0.05703125
0 0.8 0.84375 0.05 0.053125
1 0.8265625 0.76015625 0.03203125 0.06796875
0 0.3625 0.66015625 0.059375 0.06484375
0 0.97421875 0.98125 0.05078125 0.0375
0 0.77109375 0.95234375 0.05 0.06484375
0 0.83203125 0.97109375 0.046875 0.0578125
1 0.6234375 0.34296875 0.02734375 0.0515625