1 0.03359375 0.2015625 0.0671875 0.121875
1 0.22890625 0.178125 0.059375 0.096875
1 0.2390625 0.01328125 0.04453125 0.0265625
1 0.24453125 0.29375 0.059375 0.10546875
1 0.3359375 0.1875 0.06328125 0.09296875
1 0.14609375 0.321875 0.04609375 0.053125
1 0.19375 0.34140625 0.05078125 0.07890625
1 0.28359375 0.35390625 0.08828125 0.09609375
1 0.53828125 0.640625 0.096875 0.10546875
1 0.928125 0.45859375 0.05234375 0.06875
1 0.9796875 0.54921875 0.040625 0.0765625
1 0.92421875 0.684375 0.07109375 0.078125
1 0.98203125 0.6890625 0.03515625 0.096875
0 0.7578125 0.91015625 0.03671875 0.07734375
1 0.8640625 0.92109375 0.04453125 0.059375
1 0.91015625 0.88359375 0.046875 0.0796875
1 0.96328125 0.8296875 0.0734375 0.06953125
1 0.746875 0.54140625 0.090625 0.13125
1 0.4453125 0.9015625 0.0765625 0.096875
0 0.0796875 0.80390625 0.04296875 0.07109375
1 0.15859375 0.8171875 0.053125 0.08046875
1 0.21328125 0.86171875 0.0546875 0.10234375
1 0.290625 0.7953125 0.12109375 0.07109375
1 0.1890625 0.725 0.05234375 0.06484375
1 0.2296875 0.70390625 0.05703125 0.071875
1 0.340625 0.7046875 0.07421875 0.06953125
1 0.34609375 0.6546875 0.06640625 0.0625
1 0.3234375 0.5953125 0.09765625 0.09609375
1 0.1640625 0.9765625 0.05 0.04609375
1 0.01640625 0.9578125 0.0328125 0.08125
0 0.678125 0.16328125 0.04296875 0.0703125
1 0.7984375 0.0578125 0.059375 0.03828125
1 0.89375 0.1 0.028125 0.0609375
1 0.884375 0.79453125 0.0359375 0.0296875
0 0.4859375 0.40234375 0.04140625 0.04921875
0 0.559375 0.0453125 0.059375 0.059375
0 0.78125 0.20390625 0.075 0.06328125
0 0.6109375 0.915625 0.03359375 0.084375