1 0.36875 0.390625 0.11171875 0.1375
1 0.16484375 0.0359375 0.06953125 0.071875
1 0.034375 0.5796875 0.05078125 0.09140625
1 0.0921875 0.63671875 0.05390625 0.04921875
1 0.13046875 0.6203125 0.059375 0.06640625
1 0.55625 0.7484375 0.0359375 0.05390625
1 0.53671875 0.47421875 0.04609375 0.059375
1 0.27421875 0.85859375 0.05703125 0.0515625
1 0.3296875 0.76953125 0.025 0.0296875
1 0.39765625 0.884375 0.06796875 0.07109375
1 0.396875 0.82265625 0.03359375 0.0375
1 0.9578125 0.7671875 0.08359375 0.07734375
1 0.6234375 0.4765625 0.0546875 0.08203125
1 0.446875 0.20078125 0.08984375 0.10625
1 0.54140625 0.27265625 0.0375 0.07578125
1 0.58359375 0.28046875 0.03203125 0.0328125
1 0.790625 0.29609375 0.05703125 0.07265625
1 0.96953125 0.06015625 0.04140625 0.09765625
0 0.58359375 0.790625 0.04140625 0.0484375
0 0.371875 0.6703125 0.05546875 0.07109375