1 0.04453125 0.02109375 0.0703125 0.0421875
1 0.778125 0.0328125 0.05625 0.065625
1 0.01015625 0.31796875 0.01484375 0.04609375
1 0.009375 0.25703125 0.01875 0.09765625
1 0.0484375 0.2515625 0.04765625 0.1265625
1 0.0296875 0.48359375 0.0578125 0.11875
1 0.11484375 0.29140625 0.05859375 0.0859375
1 0.16875 0.34765625 0.0328125 0.10078125
1 0.21796875 0.34609375 0.05546875 0.12890625
1 0.140625 0.5640625 0.05703125 0.08671875
1 0.12890625 0.46484375 0.0515625 0.07109375
1 0.2453125 0.3703125 0.0515625 0.07421875
1 0.25234375 0.2765625 0.065625 0.06953125
1 0.221875 0.43828125 0.0765625 0.07734375
1 0.30078125 0.359375 0.07890625 0.07890625
1 0.37109375 0.2359375 0.053125 0.0921875
1 0.43828125 0.25 0.0859375 0.1359375
1 0.5703125 0.11328125 0.090625 0.0875
0 0.58359375 0.30859375 0.05 0.071875
1 0.6734375 0.25625 0.0515625 0.109375
1 0.77890625 0.22109375 0.0296875 0.0578125
1 0.8890625 0.21015625 0.06328125 0.1015625
1 0.63125 0.29140625 0.04296875 0.0859375
1 0.30625 0.64609375 0.03984375 0.121875
1 0.02265625 0.859375 0.03984375 0.05703125
1 0.15 0.709375 0.053125 0.05625
1 0.15234375 0.615625 0.03671875 0.04765625
1 0.7203125 0.83046875 0.05078125 0.0796875
1 0.3234375 0.89140625 0.05234375 0.04609375
1 0.36171875 0.94296875 0.07109375 0.11328125
1 0.3515625 0.83671875 0.04609375 0.05234375
1 0.24140625 0.775 0.04453125 0.05390625
1 0.20859375 0.98515625 0.0546875 0.0296875
1 0.41015625 0.8609375 0.06015625 0.0609375
1 0.5234375 0.95859375 0.05078125 0.08203125
1 0.5765625 0.96875 0.04921875 0.06171875
1 0.6546875 0.7125 0.05 0.1078125
1 0.3640625 0.4078125 0.0390625 0.1
1 0.41328125 0.6484375 0.04375 0.06796875
1 0.29765625 0.55078125 0.05 0.06953125
1 0.93359375 0.92109375 0.08515625 0.059375
1 0.24765625 0.02890625 0.05703125 0.05703125
1 0.11171875 0.034375 0.06171875 0.0671875
0 0.4453125 0.03515625 0.05859375 0.06953125
0 0.79140625 0.85234375 0.0546875 0.078125