0 0.01484375 0.278125 0.0296875 0.04375
1 0.05625 0.290625 0.05 0.0578125
0 0.31796875 0.075 0.07734375 0.046875
0 0.484375 0.06328125 0.04375 0.0765625
0 0.9109375 0.15 0.06640625 0.06171875
0 0.57109375 0.15078125 0.0703125 0.08125
0 0.628125 0.16171875 0.05 0.07265625
1 0.646875 0.26328125 0.0421875 0.04296875
1 0.4875 0.78203125 0.0859375 0.08046875
1 0.53125 0.72890625 0.0703125 0.07265625
1 0.578125 0.671875 0.065625 0.04765625
1 0.5921875 0.61640625 0.071875 0.0796875
1 0.6359375 0.5546875 0.07421875 0.09140625
1 0.61953125 0.4875 0.05 0.0765625
1 0.64375 0.41015625 0.0625 0.0875
1 0.6828125 0.49140625 0.04765625 0.10703125
1 0.7140625 0.3953125 0.12421875 0.09296875
1 0.6765625 0.3015625 0.03515625 0.03046875
1 0.68046875 0.2203125 0.04296875 0.05625
0 0.6859375 0.17421875 0.06640625 0.0484375
0 0.815625 0.3421875 0.06328125 0.06640625
0 0.92421875 0.4703125 0.075 0.06015625
0 0.909375 0.38515625 0.05859375 0.05078125
1 0.246875 0.38046875 0.05078125 0.05390625
0 0.25 0.321875 0.04453125 0.06328125
1 0.29765625 0.29375 0.05 0.07734375
0 0.3453125 0.29375 0.046875 0.0734375
0 0.42421875 0.28671875 0.03984375 0.0765625
1 0.47578125 0.28359375 0.05859375 0.084375
0 0.53125 0.30234375 0.05703125 0.09921875
0 0.5953125 0.29453125 0.06484375 0.0828125
1 0.7265625 0.31640625 0.06015625 0.05078125
0 0.7609375 0.26484375 0.1015625 0.05625
0 0.3828125 0.2578125 0.040625 0.05546875
1 0.5296875 0.55859375 0.03515625 0.04453125
1 0.26953125 0.85546875 0.065625 0.071875
1 0.23828125 0.7875 0.04296875 0.10078125
1 0.35859375 0.8015625 0.05546875 0.07578125
1 0.41171875 0.78984375 0.03203125 0.10625
0 0.09921875 0.95 0.0640625 0.0546875
0 0.25 0.9234375 0.034375 0.046875
0 0.8296875 0.7125 0.0640625 0.071875
1 0.7359375 0.5640625 0.07421875 0.10078125
1 0.75859375 0.6625 0.0828125 0.07890625
0 0.825 0.60625 0.05078125 0.05546875
1 0.765625 0.8546875 0.07109375 0.11015625
0 0.84375 0.8328125 0.06640625 0.06640625
0 0.940625 0.740625 0.08125 0.06171875
0 0.896875 0.6546875 0.08671875 0.08046875
0 0.9453125 0.85390625 0.08984375 0.0859375
0 0.98125 0.940625 0.0375 0.09453125
0 0.82265625 0.54140625 0.09921875 0.0859375
1 0.33828125 0.63515625 0.0640625 0.07734375
1 0.3984375 0.659375 0.0546875 0.071875
1 0.01796875 0.7328125 0.0359375 0.125
1 0.01796875 0.60859375 0.0359375 0.0390625
1 0.01484375 0.53671875 0.0296875 0.059375
1 0.06953125 0.55703125 0.0625 0.10390625
1 0.08828125 0.4859375 0.0328125 0.0328125
1 0.0578125 0.7625 0.046875 0.046875
1 0.08828125 0.82421875 0.06015625 0.0765625
1 0.1296875 0.7625 0.04921875 0.06015625
1 0.165625 0.8375 0.05859375 0.08984375
1 0.20625 0.8828125 0.05 0.0734375
1 0.18984375 0.7328125 0.053125 0.06328125
1 0.2171875 0.66640625 0.04921875 0.06015625
1 0.3203125 0.753125 0.04609375 0.04453125
1 0.13125 0.584375 0.0609375 0.07421875
1 0.13359375 0.52265625 0.05625 0.0484375
1 0.2046875 0.5625 0.0921875 0.1109375
1 0.275 0.58984375 0.0515625 0.06171875
1 0.25859375 0.5375 0.0484375 0.046875
1 0.3109375 0.575 0.04453125 0.06484375
1 0.6359375 0.04921875 0.09609375 0.0984375
1 0.73046875 0.034375 0.06328125 0.06796875
1 0.7703125 0.040625 0.0703125 0.08125
1 0.83671875 0.03359375 0.06171875 0.06640625
1 0.9109375 0.02578125 0.0625 0.0515625
1 0.52890625 0.8703125 0.05234375 0.0609375
1 0.48828125 0.84140625 0.0875 0.04765625
1 0.55859375 0.81796875 0.06796875 0.08671875
1 0.60234375 0.7375 0.04765625 0.0765625
1 0.65390625 0.7625 0.05234375 0.059375
1 0.6546875 0.6921875 0.07578125 0.08046875