1 0.028125 0.03203125 0.05625 0.0640625
1 0.4453125 0.04609375 0.05078125 0.0546875
1 0.00703125 0.37734375 0.0140625 0.0453125
0 0.0375 0.55703125 0.07421875 0.1359375
1 0.1015625 0.42421875 0.07109375 0.0625
1 0.11953125 0.371875 0.08125 0.06015625
1 0.1625 0.41328125 0.065625 0.08828125
1 0.1859375 0.33984375 0.084375 0.07109375
1 0.284375 0.315625 0.05078125 0.10390625
1 0.1125 0.26640625 0.0734375 0.1171875
1 0.1828125 0.26796875 0.0515625 0.09296875
1 0.26875 0.225 0.05390625 0.0828125
1 0.33671875 0.31171875 0.06484375 0.13125
1 0.3234375 0.1859375 0.065625 0.07578125
1 0.5703125 0.29921875 0.06484375 0.06640625
0 0.5546875 0.22578125 0.0859375 0.08046875
1 0.53359375 0.153125 0.053125 0.07265625
1 0.59765625 0.15625 0.04296875 0.0703125
0 0.67109375 0.08671875 0.06015625 0.0875
1 0.7609375 0.0359375 0.04375 0.071875
1 0.86953125 0.31796875 0.059375 0.13984375
1 0.946875 0.2859375 0.1015625 0.10703125
1 0.45625 0.26953125 0.03671875 0.096875
1 0.5 0.3078125 0.0625 0.06640625
1 0.5296875 0.4 0.0578125 0.125
1 0.6984375 0.375 0.034375 0.07109375
1 0.7640625 0.45078125 0.04140625 0.03828125
1 0.63203125 0.5078125 0.06640625 0.0734375
1 0.0359375 0.2921875 0.071875 0.10625
1 0.63203125 0.29765625 0.08046875 0.11640625
1 0.67109375 0.27265625 0.0640625 0.0796875
1 0.6671875 0.1875 0.053125 0.1109375
0 0.72265625 0.21640625 0.06484375 0.0921875
1 0.7890625 0.20703125 0.04140625 0.1140625
0 0.8421875 0.1984375 0.0671875 0.0921875
1 0.84375 0.1 0.0890625 0.1046875
1 0.9234375 0.103125 0.059375 0.1015625
0 0.94296875 0.19921875 0.11328125 0.06640625
1 0.96875 0.109375 0.0390625 0.096875
1 0.5390625 0.73359375 0.103125 0.10859375
1 0.75 0.684375 0.0796875 0.0859375
1 0.79921875 0.6265625 0.04375 0.0609375
1 0.8421875 0.65625 0.0578125 0.1203125
1 0.91484375 0.53671875 0.07890625 0.07734375
1 0.96796875 0.5796875 0.0640625 0.07734375
1 0.825 0.7703125 0.07734375 0.10625
1 0.7875 0.9640625 0.103125 0.071875
1 0.8484375 0.88671875 0.09765625 0.0890625
1 0.88359375 0.95859375 0.078125 0.08203125
0 0.0265625 0.87109375 0.053125 0.05859375
0 0.05234375 0.81484375 0.090625 0.05703125
1 0.121875 0.8078125 0.06484375 0.11015625
0 0.21875 0.0921875 0.03984375 0.0625
1 0.3203125 0.621875 0.05078125 0.05625
0 0.36328125 0.60625 0.04296875 0.06953125
1 0.3203125 0.8765625 0.046875 0.06484375
1 0.3515625 0.81875 0.05546875 0.078125
0 0.640625 0.91015625 0.075 0.06953125
1 0.253125 0.771875 0.12109375 0.22109375
1 0.21875 0.9421875 0.17265625 0.10234375
1 0.41640625 0.76015625 0.1046875 0.13046875