1 0.028125 0.046875 0.05625 0.08125
1 0.07734375 0.1515625 0.1046875 0.11875
1 0.05 0.44140625 0.08515625 0.08203125
1 0.05234375 0.66015625 0.05859375 0.0734375
1 0.02421875 0.95625 0.0484375 0.0875
1 0.0234375 0.88828125 0.046875 0.0796875
1 0.16953125 0.4625 0.034375 0.07109375
0 0.26953125 0.48359375 0.034375 0.06484375
1 0.3234375 0.484375 0.04765625 0.07890625
1 0.15234375 0.371875 0.0765625 0.13125
1 0.31171875 0.41328125 0.06015625 0.0625
1 0.371875 0.471875 0.07265625 0.08984375
1 0.39609375 0.38203125 0.04609375 0.06171875
1 0.209375 0.0265625 0.05625 0.053125
1 0.26328125 0.03203125 0.065625 0.0640625
1 0.434375 0.08203125 0.046875 0.13203125
1 0.48984375 0.06015625 0.0546875 0.1015625
1 0.74609375 0.053125 0.0453125 0.10546875
0 0.7578125 0.215625 0.0765625 0.090625
0 0.74375 0.14921875 0.05 0.07890625
1 0.796875 0.06171875 0.04375 0.09140625
1 0.925 0.01796875 0.06328125 0.0359375
1 0.6484375 0.2375 0.1125 0.10390625
1 0.9140625 0.2078125 0.059375 0.10625
1 0.6078125 0.34609375 0.06796875 0.09765625
1 0.6671875 0.328125 0.05703125 0.11953125
1 0.4703125 0.81640625 0.1265625 0.14609375
0 0.3265625 0.95703125 0.04140625 0.0828125
1 0.35390625 0.8546875 0.05546875 0.05234375
1 0.37734375 0.78125 0.065625 0.06640625
1 0.4734375 0.70625 0.08046875 0.0734375
1 0.5640625 0.7140625 0.06015625 0.1015625
1 0.66796875 0.7609375 0.09453125 0.096875
1 0.725 0.81953125 0.05234375 0.08984375
1 0.7578125 0.784375 0.05078125 0.0640625
1 0.9734375 0.865625 0.053125 0.09140625
0 0.65546875 0.9796875 0.0578125 0.040625
1 0.7421875 0.971875 0.046875 0.05625
1 0.725 0.315625 0.05234375 0.10859375
1 0.9890625 0.30390625 0.021875 0.12890625
0 0.065625 0.3484375 0.07734375 0.0984375
1 0.0875 0.2546875 0.09453125 0.0796875
1 0.084375 0.75234375 0.065625 0.128125
0 0.8421875 0.40546875 0.07578125 0.08203125
0 0.490625 0.2125 0.06015625 0.05703125
0 0.609375 0.17265625 0.0796875 0.10390625
0 0.371875 0.22890625 0.10859375 0.09140625
0 0.3578125 0.05234375 0.071875 0.08125
0 0.4109375 0.528125 0.0484375 0.078125
0 0.3828125 0.971875 0.06875 0.05625
1 0.953125 0.4171875 0.0390625 0.03359375