1 0.63984375 0.2125 0.08671875 0.103125
1 0.7125 0.1859375 0.05859375 0.0671875
0 0.53828125 0.053125 0.04375 0.0734375
1 0.6359375 0.0125 0.07421875 0.025
1 0.54609375 0.16796875 0.0421875 0.05390625
0 0.16171875 0.3015625 0.0859375 0.05390625
1 0.1890625 0.215625 0.06015625 0.0765625
1 0.3171875 0.35859375 0.03984375 0.1046875
1 0.3921875 0.4359375 0.08203125 0.05390625
1 0.4640625 0.41484375 0.05234375 0.06015625
1 0.6328125 0.36796875 0.02890625 0.0609375
1 0.75546875 0.27890625 0.059375 0.05703125
1 0.03359375 0.52578125 0.0671875 0.1171875
1 0.0734375 0.50234375 0.0265625 0.06640625
1 0.01796875 0.71875 0.034375 0.1375
1 0.0203125 0.6046875 0.03046875 0.05234375
1 0.05546875 0.75625 0.0453125 0.1375
1 0.121875 0.70859375 0.08671875 0.0765625
1 0.2765625 0.7328125 0.10625 0.09921875
1 0.1921875 0.65 0.08515625 0.11171875
1 0.25859375 0.625 0.05234375 0.075
1 0.30703125 0.6390625 0.0734375 0.06796875
1 0.3265625 0.1359375 0.04140625 0.04296875
1 0.01484375 0.97578125 0.0296875 0.0453125
1 0.0671875 0.9765625 0.0796875 0.04609375
1 0.17109375 0.603125 0.0421875 0.03046875
1 0.221875 0.56953125 0.0765625 0.0578125
1 0.2625 0.55390625 0.05546875 0.09296875
1 0.3765625 0.74921875 0.07421875 0.109375
1 0.45234375 0.7453125 0.07265625 0.14609375
1 0.58125 0.875 0.07578125 0.0796875
1 0.6265625 0.7140625 0.0640625 0.1109375
1 0.67421875 0.7453125 0.07109375 0.10625
1 0.8703125 0.8 0.0828125 0.10390625
1 0.78671875 0.96171875 0.0828125 0.0765625
0 0.0515625 0.14453125 0.0453125 0.06875
0 0.2125 0.02734375 0.059375 0.0546875
0 0.81015625 0.1609375 0.0921875 0.09296875
0 0.44296875 0.95546875 0.06328125 0.07109375
1 0.93828125 0.05625 0.0359375 0.04453125
0 0.26484375 0.85859375 0.10078125 0.06484375
0 0.2671875 0.96875 0.1046875 0.06171875
1 0.340625 0.87890625 0.06796875 0.0609375
0 0.41015625 0.15 0.13203125 0.06171875