1 0.09296875 0.0265625 0.0609375 0.053125
1 0.16015625 0.03203125 0.07421875 0.0640625
1 0.2296875 0.04296875 0.06484375 0.0859375
1 0.28046875 0.040625 0.05546875 0.08046875
1 0.3734375 0.0421875 0.1125 0.084375
1 0.5828125 0.02734375 0.03984375 0.03125
1 0.27421875 0.41328125 0.07890625 0.08046875
1 0.278125 0.31640625 0.0640625 0.06484375
1 0.3359375 0.3515625 0.05546875 0.11796875
1 0.35625 0.2609375 0.06875 0.04296875
1 0.32265625 0.2203125 0.0421875 0.06015625
1 0.94296875 0.2875 0.0453125 0.0828125
1 0.359375 0.42734375 0.05234375 0.103125
1 0.39609375 0.33671875 0.03203125 0.07421875
0 0.475 0.30703125 0.03046875 0.1
1 0.5234375 0.2890625 0.05078125 0.08203125
0 0.57109375 0.29296875 0.04296875 0.08984375
1 0.609375 0.2984375 0.02578125 0.07421875
1 0.74765625 0.38125 0.0390625 0.06015625
0 0.18359375 0.71015625 0.04921875 0.0625
1 0.2515625 0.6515625 0.0640625 0.0875
0 0.178125 0.60625 0.04296875 0.0515625
1 0.275 0.5515625 0.0625 0.065625
1 0.31484375 0.49921875 0.04375 0.0875
1 0.35 0.7640625 0.065625 0.05
1 0.34609375 0.6953125 0.07109375 0.09140625
1 0.246875 0.846875 0.059375 0.09921875
1 0.40234375 0.72734375 0.04453125 0.08828125
1 0.3984375 0.59921875 0.1046875 0.1125
1 0.375 0.5328125 0.084375 0.06953125
1 0.39140625 0.47890625 0.03671875 0.05
1 0.42265625 0.66875 0.05 0.0640625
1 0.484375 0.71953125 0.06953125 0.10390625
1 0.42734375 0.8140625 0.040625 0.046875
1 0.4796875 0.853125 0.046875 0.06640625
1 0.52578125 0.79921875 0.06875 0.13359375
0 0.578125 0.7984375 0.0390625 0.06875
0 0.62421875 0.80390625 0.0328125 0.075
1 0.68125 0.75859375 0.0578125 0.06171875
1 0.6125 0.65078125 0.05546875 0.09140625
1 0.6734375 0.63671875 0.0953125 0.0984375
1 0.71875 0.58984375 0.0890625 0.103125
1 0.77421875 0.5734375 0.0921875 0.11484375
1 0.7671875 0.76953125 0.05625 0.11875
1 0.78515625 0.66640625 0.07421875 0.0859375
1 0.771875 0.86171875 0.11484375 0.10234375
1 0.81328125 0.74453125 0.0578125 0.06875
1 0.87734375 0.765625 0.065625 0.06171875
1 0.925 0.82265625 0.0546875 0.07734375
1 0.92890625 0.76875 0.040625 0.0671875
1 0.98359375 0.728125 0.0328125 0.14375
1 0.97890625 0.9765625 0.0421875 0.04609375
0 0.58125 0.740625 0.03671875 0.04765625
1 0.68984375 0.303125 0.04375 0.0875
0 0.753125 0.315625 0.04609375 0.0625
0 0.67734375 0.08515625 0.05078125 0.06640625
0 0.109375 0.16171875 0.08359375 0.07265625
0 0.3796875 0.175 0.04375 0.04609375
0 0.09921875 0.47421875 0.0859375 0.07734375
0 0.10390625 0.39140625 0.059375 0.06328125
0 0.08515625 0.8328125 0.053125 0.075
0 0.16875 0.83125 0.05078125 0.059375
0 0.42578125 0.26953125 0.04296875 0.0609375
1 0.8640625 0.59375 0.0625 0.08828125
1 0.8625 0.5265625 0.0671875 0.06171875
1 0.92734375 0.553125 0.0765625 0.096875
1 0.909375 0.4953125 0.03671875 0.05625
1 0.984375 0.6109375 0.03046875 0.046875
1 0.9921875 0.5359375 0.01484375 0.05703125