1 0.23515625 0.215625 0.125 0.0828125
1 0.26171875 0.17109375 0.0578125 0.06484375
1 0.34375 0.23828125 0.0890625 0.0953125
1 0.4421875 0.2828125 0.05703125 0.1
1 0.52109375 0.29765625 0.05 0.0625
1 0.4953125 0.203125 0.06171875 0.0515625
1 0.5578125 0.178125 0.075 0.13671875
1 0.9796875 0.034375 0.040625 0.06875
1 0.94921875 0.33671875 0.05 0.065625
0 0.578125 0.6109375 0.0390625 0.08203125
0 0.63203125 0.640625 0.07109375 0.11171875
1 0.6984375 0.60078125 0.07421875 0.08046875
0 0.578125 0.54765625 0.04296875 0.090625
0 0.62734375 0.5359375 0.0578125 0.08515625
1 0.675 0.51171875 0.0453125 0.05859375
1 0.9734375 0.5640625 0.053125 0.07265625
1 0.85546875 0.640625 0.0765625 0.10546875
1 0.94375 0.86171875 0.0828125 0.1203125
1 0.73125 0.9765625 0.07265625 0.04609375
1 0.79609375 0.98515625 0.0484375 0.0296875
1 0.07109375 0.80703125 0.05234375 0.06484375
1 0.096875 0.75859375 0.01875 0.0296875
1 0.19296875 0.92890625 0.05546875 0.07109375
1 0.2703125 0.6796875 0.04765625 0.08125
1 0.32109375 0.66328125 0.06015625 0.0984375
0 0.3203125 0.8203125 0.0546875 0.0734375
1 0.36796875 0.76015625 0.0875 0.08671875
1 0.3796875 0.65625 0.06171875 0.07421875
1 0.5015625 0.95625 0.0421875 0.07734375
1 0.55390625 0.9484375 0.0640625 0.103125
0 0.6359375 0.209375 0.04765625 0.0640625
0 0.63828125 0.13828125 0.03984375 0.0703125
0 0.5515625 0.04140625 0.04921875 0.08203125
0 0.596875 0.0796875 0.04453125 0.05546875
0 0.66328125 0.03203125 0.0578125 0.0640625
0 0.44296875 0.15546875 0.0375 0.078125
0 0.0390625 0.5953125 0.05546875 0.08203125
0 0.09375 0.58671875 0.04765625 0.09140625
0 0.09140625 0.51171875 0.0796875 0.0625
0 0.478125 0.878125 0.07109375 0.0984375
0 0.515625 0.80546875 0.04296875 0.06484375
0 0.5546875 0.86171875 0.06015625 0.084375
0 0.2625 0.97109375 0.075 0.0578125
0 0.72265625 0.50703125 0.06015625 0.08046875
0 0.02890625 0.1203125 0.0578125 0.11484375