0 0.1375 0.1609375 0.08125 0.07890625
1 0.23359375 0.14765625 0.04609375 0.115625
0 0.178125 0.4609375 0.09609375 0.0859375
1 0.26953125 0.45234375 0.078125 0.09140625
1 0.2734375 0.6015625 0.09921875 0.09453125
0 0.23046875 0.74296875 0.0984375 0.07890625
1 0.27109375 0.68828125 0.059375 0.059375
0 0.2375 0.34140625 0.05546875 0.04296875
1 0.3421875 0.30625 0.071875 0.08828125
1 0.3953125 0.2703125 0.05390625 0.08046875
1 0.340625 0.23984375 0.05 0.04140625
1 0.36953125 0.55625 0.059375 0.11640625
1 0.3515625 0.4703125 0.06796875 0.1234375
1 0.40625 0.3875 0.07109375 0.1
1 0.4578125 0.43828125 0.0359375 0.04921875
0 0.471875 0.69296875 0.040625 0.121875
1 0.521875 0.7234375 0.0375 0.0671875
1 0.3125 0.7828125 0.04453125 0.06015625
1 0.60234375 0.346875 0.0515625 0.0953125
1 0.471875 0.271875 0.05859375 0.078125
1 0.5 0.184375 0.0703125 0.109375
1 0.53046875 0.215625 0.0515625 0.08671875
1 0.428125 0.178125 0.046875 0.0515625
1 0.47734375 0.14375 0.0515625 0.08515625
1 0.67265625 0.24453125 0.028125 0.0546875
1 0.07421875 0.98125 0.0578125 0.0375
1 0.1484375 0.9765625 0.06875 0.04609375
1 0.215625 0.95859375 0.06015625 0.08203125
1 0.26796875 0.9734375 0.05234375 0.053125
1 0.3625 0.9578125 0.090625 0.084375
1 0.67421875 0.371875 0.06171875 0.08203125
1 0.75078125 0.2140625 0.05390625 0.09296875
1 0.69921875 0.42109375 0.03984375 0.07265625
1 0.74296875 0.3984375 0.04765625 0.0640625
1 0.8015625 0.43203125 0.0625 0.1
1 0.7828125 0.334375 0.04296875 0.078125
1 0.81875 0.2609375 0.0828125 0.0921875
0 0.8171875 0.159375 0.06015625 0.09921875
1 0.87265625 0.23125 0.05703125 0.07734375
1 0.95 0.23984375 0.06328125 0.09921875
1 0.925 0.1703125 0.04140625 0.08125
1 0.9890625 0.2484375 0.021875 0.12109375
1 0.875 0.48828125 0.06640625 0.06953125
1 0.946875 0.46640625 0.0625 0.0609375
1 0.8765625 0.41875 0.06953125 0.0734375
1 0.93125 0.41875 0.0359375 0.05546875
1 0.9875 0.3890625 0.025 0.065625
1 0.91796875 0.51171875 0.040625 0.06640625
1 0.96171875 0.72578125 0.0765625 0.0953125
0 0.653125 0.7078125 0.028125 0.0984375
0 0.6984375 0.721875 0.04765625 0.12109375
1 0.7640625 0.6265625 0.03515625 0.06484375
0 0.090625 0.85546875 0.05625 0.0859375
0 0.08984375 0.6234375 0.05859375 0.0578125
0 0.1640625 0.38984375 0.0421875 0.05625
0 0.39609375 0.85078125 0.103125 0.08046875
0 0.56640625 0.7171875 0.0515625 0.09453125
0 0.61171875 0.72890625 0.04375 0.121875
0 0.07890625 0.52421875 0.090625 0.06953125
0 0.628125 0.1859375 0.05 0.08515625
0 0.7265625 0.134375 0.059375 0.053125
0 0.759375 0.08125 0.05390625 0.0765625
0 0.78984375 0.13046875 0.0609375 0.0640625
0 0.575 0.18984375 0.03359375 0.084375
0 0.3953125 0.6703125 0.065625 0.07109375
0 0.06796875 0.28046875 0.06328125 0.1
0 0.16875 0.284375 0.04296875 0.05390625
0 0.046875 0.13984375 0.09375 0.0703125
0 0.6703125 0.92421875 0.08046875 0.0625