1 0.01328125 0.19453125 0.0265625 0.0796875
1 0.3890625 0.05390625 0.06328125 0.10703125
1 0.4546875 0.06328125 0.046875 0.08125
0 0.23203125 0.41328125 0.06640625 0.0984375
0 0.25078125 0.34140625 0.05859375 0.07890625
1 0.26328125 0.253125 0.04375 0.0765625
0 0.0828125 0.44609375 0.065625 0.0515625
1 0.07265625 0.3421875 0.02421875 0.02734375
1 0.3546875 0.41171875 0.05703125 0.090625
1 0.2453125 0.59140625 0.0515625 0.05703125
1 0.29140625 0.91015625 0.090625 0.13671875
1 0.27109375 0.9890625 0.08515625 0.021875
0 0.5796875 0.1296875 0.06015625 0.1375
1 0.634375 0.1609375 0.05859375 0.10703125
1 0.671875 0.2203125 0.04375 0.08203125
1 0.73984375 0.2609375 0.09453125 0.1140625
1 0.7796875 0.35546875 0.0578125 0.071875
1 0.81015625 0.27109375 0.05703125 0.06875
1 0.83359375 0.2109375 0.05 0.05390625
0 0.6640625 0.07421875 0.04140625 0.04453125
1 0.7 0.0296875 0.059375 0.05859375
1 0.7734375 0.0234375 0.10859375 0.046875
0 0.87578125 0.109375 0.05 0.0703125
1 0.9015625 0.03203125 0.07421875 0.0640625
1 0.96640625 0.134375 0.06640625 0.0984375
1 0.97734375 0.0421875 0.0453125 0.059375
0 0.3140625 0.5609375 0.06015625 0.08984375
1 0.39921875 0.5765625 0.075 0.0859375
1 0.48125 0.63671875 0.090625 0.1125
0 0.49453125 0.8671875 0.05546875 0.07734375
0 0.45 0.75546875 0.0515625 0.06796875
1 0.534375 0.78515625 0.040625 0.0515625
0 0.6046875 0.82890625 0.04296875 0.08125
1 0.6875 0.75 0.084375 0.0796875
1 0.6453125 0.9171875 0.05390625 0.1015625
1 0.74375 0.9171875 0.07578125 0.10546875
1 0.73125 0.84453125 0.078125 0.0859375
1 0.06328125 0.79140625 0.0328125 0.0328125
0 0.16640625 0.03203125 0.07265625 0.0640625
0 0.85390625 0.40078125 0.06875 0.14453125
0 0.22421875 0.51640625 0.0640625 0.08515625
0 0.9484375 0.94375 0.103125 0.1125
0 0.378125 0.91953125 0.05 0.08359375
0 0.80625 0.815625 0.07578125 0.1046875
0 0.8953125 0.84140625 0.04765625 0.07890625
0 0.88828125 0.64609375 0.05703125 0.090625
0 0.9671875 0.53671875 0.05 0.0453125
0 0.76015625 0.5484375 0.04609375 0.078125
0 0.79140625 0.60703125 0.05546875 0.09296875
0 0.82421875 0.571875 0.0578125 0.103125