1 0.6625 0.38515625 0.06015625 0.09453125
1 0.87890625 0.1125 0.0828125 0.0859375
1 0.2703125 0.0953125 0.05390625 0.0734375
1 0.271875 0.01015625 0.04765625 0.01953125
1 0.24609375 0.2953125 0.053125 0.08125
1 0.0375 0.4421875 0.065625 0.08828125
1 0.02265625 0.3578125 0.0453125 0.0875
1 0.0328125 0.56796875 0.065625 0.06796875
1 0.328125 0.32578125 0.06640625 0.14140625
1 0.471875 0.2546875 0.0546875 0.11953125
1 0.57734375 0.26875 0.07265625 0.059375
0 0.58515625 0.33203125 0.03515625 0.0609375
1 0.62421875 0.2765625 0.0328125 0.0828125
1 0.6546875 0.71875 0.03203125 0.05625
1 0.04765625 0.96015625 0.0640625 0.0796875
1 0.01484375 0.94296875 0.0296875 0.0640625
1 0.05078125 0.890625 0.06875 0.06171875
1 0.5140625 0.74296875 0.07109375 0.1109375
1 0.36328125 0.546875 0.08671875 0.16015625
1 0.4390625 0.58359375 0.06015625 0.09453125
1 0.29375 0.52265625 0.03671875 0.06640625
0 0.0734375 0.1125 0.05625 0.09375
1 0.71640625 0.07265625 0.02578125 0.04140625
0 0.8125 0.0625 0.0484375 0.09296875
0 0.884375 0.0375 0.0625 0.075
0 0.54609375 0.18984375 0.08203125 0.084375
0 0.6140625 0.175 0.0390625 0.10390625
1 0.68203125 0.02734375 0.0609375 0.0546875
0 0.11875 0.6453125 0.0796875 0.11640625
0 0.1125 0.5765625 0.04921875 0.03671875
0 0.19140625 0.640625 0.03359375 0.06171875
0 0.115625 0.40390625 0.05625 0.07890625
0 0.03046875 0.27109375 0.059375 0.10390625
0 0.0734375 0.25625 0.0484375 0.0875
0 0.446875 0.41484375 0.0484375 0.07421875
0 0.2859375 0.4390625 0.0703125 0.090625
0 0.4859375 0.85 0.11875 0.07890625
1 0.68515625 0.2890625 0.053125 0.05078125
0 0.7796875 0.3984375 0.0671875 0.0859375
0 0.81640625 0.33046875 0.0515625 0.053125
0 0.84609375 0.640625 0.06640625 0.08359375
0 0.75859375 0.6 0.06015625 0.07890625
0 0.8625 0.56015625 0.0703125 0.06953125
0 0.6953125 0.92734375 0.0765625 0.08984375
0 0.775 0.85546875 0.084375 0.09375
0 0.50546875 0.6 0.04140625 0.06875
0 0.86484375 0.24765625 0.0765625 0.1015625
0 0.32109375 0.88359375 0.0921875 0.096875
0 0.834375 0.959375 0.06953125 0.07890625