0 0.109375 0.60078125 0.07578125 0.084375
1 0.10546875 0.53359375 0.08046875 0.08359375
1 0.10625 0.4515625 0.0546875 0.07578125
0 0.03125 0.11875 0.053125 0.0625
1 0.08125 0.09296875 0.05 0.078125
1 0.1125 0.36796875 0.0734375 0.11875
1 0.05546875 0.04375 0.065625 0.08125
0 0.19296875 0.46953125 0.0375 0.0859375
0 0.271875 0.48046875 0.05546875 0.05390625
1 0.2890625 0.4 0.06796875 0.08984375
1 0.32265625 0.34296875 0.04609375 0.09609375
1 0.775 0.203125 0.0484375 0.0796875
1 0.68984375 0.50703125 0.065625 0.125
1 0.7890625 0.425 0.08515625 0.08984375
0 0.73984375 0.36484375 0.05859375 0.06328125
1 0.8578125 0.3234375 0.05390625 0.07109375
1 0.8984375 0.3921875 0.06875 0.14921875
1 0.984375 0.31484375 0.03046875 0.1203125
1 0.61171875 0.48046875 0.05703125 0.07578125
1 0.40859375 0.6140625 0.04921875 0.08984375
1 0.478125 0.61875 0.05703125 0.07109375
0 0.3390625 0.83203125 0.04296875 0.06484375
1 0.359375 0.765625 0.065625 0.07578125
1 0.8 0.96171875 0.0546875 0.0703125
1 0.90859375 0.91875 0.06640625 0.09921875
1 0.53828125 0.6484375 0.02578125 0.04609375
1 0.66171875 0.63203125 0.04609375 0.05390625
1 0.70234375 0.603125 0.05546875 0.10234375
0 0.571875 0.03359375 0.046875 0.0671875
0 0.62578125 0.03125 0.05 0.0625
0 0.103125 0.025 0.0359375 0.05
0 0.1515625 0.1109375 0.05625 0.046875
0 0.1765625 0.07578125 0.05703125 0.07421875
0 0.1734375 0.02265625 0.0515625 0.040625
0 0.28984375 0.0296875 0.10546875 0.059375
0 0.25859375 0.2 0.05234375 0.0640625
0 0.04375 0.615625 0.07265625 0.0734375
1 0.26484375 0.31875 0.05546875 0.078125
0 0.315625 0.2609375 0.05 0.053125
0 0.37421875 0.24765625 0.04296875 0.0796875
0 0.4203125 0.46015625 0.09765625 0.09375
0 0.42734375 0.40078125 0.09453125 0.08125
0 0.45390625 0.24375 0.0625 0.08828125
0 0.5078125 0.15625 0.046875 0.0796875
0 0.56875 0.30546875 0.09296875 0.11015625
0 0.7328125 0.09609375 0.0625 0.065625
0 0.69375 0.03125 0.06875 0.0625
0 0.765625 0.0328125 0.075 0.065625
0 0.87890625 0.6859375 0.0515625 0.09296875
0 0.38671875 0.83828125 0.05 0.0734375
0 0.05703125 0.7140625 0.04609375 0.0875
0 0.09296875 0.95234375 0.0734375 0.0953125
0 0.16796875 0.9765625 0.040625 0.04609375
0 0.1859375 0.91796875 0.0546875 0.0859375
0 0.23828125 0.96640625 0.06875 0.06640625
0 0.028125 0.959375 0.05625 0.08125
0 0.20546875 0.63671875 0.0625 0.0765625
0 0.2546875 0.628125 0.02578125 0.08046875
0 0.75625 0.53828125 0.046875 0.0625
0 0.80703125 0.79921875 0.0453125 0.0703125
0 0.49375 0.91328125 0.0578125 0.0984375
0 0.5 0.82109375 0.07421875 0.1015625
0 0.425 0.75859375 0.0453125 0.06953125
0 0.975 0.89765625 0.04765625 0.08828125
1 0.834375 0.90234375 0.0515625 0.0671875
0 0.1390625 0.85078125 0.03125 0.04921875
0 0.2015625 0.8078125 0.0453125 0.0703125
0 0.29765625 0.7359375 0.071875 0.06484375
0 0.97421875 0.44140625 0.05078125 0.128125