1 0.02734375 0.1296875 0.0546875 0.06640625
1 0.0484375 0.05859375 0.0421875 0.0359375
1 0.0921875 0.07265625 0.06796875 0.06875
1 0.17734375 0.03046875 0.090625 0.0609375
1 0.39375 0.13984375 0.0640625 0.09140625
1 0.3671875 0.09375 0.0421875 0.06640625
1 0.14765625 0.2 0.0890625 0.13203125
1 0.2140625 0.21328125 0.034375 0.109375
1 0.25859375 0.27421875 0.06015625 0.0875
1 0.496875 0.27265625 0.05078125 0.0796875
1 0.471875 0.1765625 0.05859375 0.0796875
1 0.4515625 0.1421875 0.03515625 0.06953125
1 0.60703125 0.16171875 0.084375 0.06328125
0 0.5578125 0.0890625 0.0515625 0.11875
1 0.65703125 0.07734375 0.07734375 0.0953125
1 0.69921875 0.00859375 0.0453125 0.0171875
0 0.02578125 0.52734375 0.0515625 0.0734375
1 0.1015625 0.50078125 0.03203125 0.059375
1 0.321875 0.59765625 0.06640625 0.10546875
1 0.31796875 0.759375 0.07734375 0.07109375
1 0.3515625 0.70625 0.06796875 0.059375
0 0.28125 0.9390625 0.065625 0.06953125
1 0.353125 0.92109375 0.07109375 0.059375
1 0.37421875 0.790625 0.04296875 0.08984375
0 0.5734375 0.6515625 0.05625 0.10546875
0 0.43515625 0.92109375 0.065625 0.109375
0 0.5296875 0.82890625 0.0625 0.06796875
0 0.55546875 0.753125 0.05234375 0.059375
0 0.61171875 0.70234375 0.04375 0.06484375
1 0.634375 0.63125 0.06640625 0.0875
0 0.659375 0.771875 0.06328125 0.0828125
1 0.7140625 0.68515625 0.06015625 0.0875
0 0.64921875 0.9234375 0.0515625 0.1328125
0 0.70546875 0.83359375 0.0390625 0.09453125
1 0.765625 0.84765625 0.0609375 0.065625
1 0.878125 0.51640625 0.08125 0.08984375
1 0.95390625 0.20234375 0.040625 0.05625
1 0.38984375 0.58125 0.05546875 0.103125
1 0.48125 0.6 0.121875 0.1546875
0 0.19296875 0.52421875 0.059375 0.0875
0 0.23359375 0.5625 0.04609375 0.09296875
0 0.334375 0.26015625 0.06953125 0.10859375
0 0.4515625 0.0390625 0.059375 0.078125
0 0.51328125 0.1078125 0.04375 0.07109375
0 0.53203125 0.3578125 0.04921875 0.09453125
0 0.559375 0.26953125 0.06484375 0.06875
0 0.63515625 0.2890625 0.0640625 0.1
0 0.57890625 0.465625 0.0546875 0.1125
0 0.8921875 0.03359375 0.075 0.0671875
0 0.72109375 0.48125 0.075 0.08125
0 0.79609375 0.4859375 0.06015625 0.07421875
0 0.821875 0.40625 0.07578125 0.06640625
0 0.75546875 0.340625 0.07265625 0.09453125
0 0.834375 0.3390625 0.065625 0.075
0 0.6625 0.47734375 0.04765625 0.078125
0 0.0609375 0.8734375 0.0671875 0.08984375
0 0.04296875 0.77109375 0.03984375 0.07734375
0 0.08828125 0.77265625 0.05546875 0.0984375
1 0.06171875 0.98359375 0.0296875 0.0328125
0 0.1140625 0.93828125 0.0578125 0.09921875
0 0.1671875 0.875 0.06171875 0.1015625