1 0.328125 0.0421875 0.07890625 0.0734375
1 0.271875 0.209375 0.04765625 0.08203125
1 0.315625 0.2484375 0.059375 0.08515625
1 0.3296875 0.16796875 0.06015625 0.0890625
1 0.60234375 0.334375 0.06171875 0.0921875
1 0.68984375 0.290625 0.07578125 0.1078125
1 0.75859375 0.2859375 0.034375 0.04921875
1 0.87109375 0.48203125 0.053125 0.096875
1 0.04765625 0.4765625 0.04609375 0.046875
0 0.1984375 0.4296875 0.0796875 0.09921875
1 0.28203125 0.36015625 0.08515625 0.090625
1 0.3515625 0.396875 0.06328125 0.13203125
1 0.40625 0.38203125 0.03515625 0.115625
1 0.4703125 0.378125 0.0828125 0.13984375
1 0.09921875 0.78515625 0.08203125 0.1453125
1 0.1734375 0.790625 0.0421875 0.1203125
1 0.20078125 0.715625 0.04765625 0.090625
1 0.0328125 0.92890625 0.065625 0.075
1 0.1359375 0.96640625 0.0484375 0.06640625
1 0.4671875 0.70703125 0.05390625 0.10078125
1 0.32109375 0.90625 0.06015625 0.06640625
1 0.3578125 0.8640625 0.0625 0.08984375
1 0.41484375 0.846875 0.0515625 0.07734375
1 0.4359375 0.8171875 0.05859375 0.0765625
1 0.64140625 0.921875 0.07265625 0.1328125
1 0.8515625 0.76328125 0.08515625 0.10234375
1 0.94765625 0.796875 0.028125 0.0609375
0 0.8078125 0.6484375 0.06953125 0.078125
0 0.14296875 0.471875 0.0625 0.0953125
0 0.49375 0.13046875 0.05390625 0.071875
1 0.03046875 0.07265625 0.03359375 0.09453125
1 0.10546875 0.065625 0.0671875 0.0625
1 0.73671875 0.13046875 0.07109375 0.1
0 0.63359375 0.49375 0.06015625 0.0984375
1 0.55625 0.82734375 0.103125 0.08203125
0 0.54375 0.72109375 0.04296875 0.065625
0 0.95859375 0.1859375 0.0671875 0.10703125
0 0.8703125 0.971875 0.053125 0.05625