0 0.04453125 0.33046875 0.0890625 0.06171875
1 0.0875 0.01953125 0.07109375 0.0390625
1 0.1828125 0.021875 0.071875 0.04375
0 0.278125 0.371875 0.09609375 0.109375
0 0.9125 0.8296875 0.0515625 0.0734375
1 0.765625 0.10625 0.075 0.08125
1 0.45390625 0.05390625 0.05859375 0.0671875
0 0.52890625 0.03515625 0.065625 0.06953125
0 0.61640625 0.03828125 0.084375 0.0765625
1 0.84765625 0.04921875 0.06015625 0.0984375
1 0.3859375 0.0328125 0.065625 0.065625
1 0.43125 0.01484375 0.04375 0.0296875
0 0.39296875 0.3578125 0.06640625 0.1125
1 0.4609375 0.2828125 0.05546875 0.06953125
1 0.409375 0.23125 0.09453125 0.06328125
1 0.5 0.19453125 0.09765625 0.12890625
1 0.56328125 0.3375 0.071875 0.071875
0 0.34609375 0.565625 0.075 0.090625
1 0.36015625 0.47265625 0.05 0.09140625
1 0.0609375 0.6953125 0.0546875 0.1171875
1 0.084375 0.6078125 0.05546875 0.059375
0 0.3453125 0.71953125 0.07265625 0.09375
1 0.43515625 0.69453125 0.08828125 0.1078125
0 0.1953125 0.7625 0.0546875 0.078125
0 0.18515625 0.7046875 0.07109375 0.04765625
1 0.2578125 0.68125 0.05078125 0.0765625
1 0.28515625 0.6546875 0.046875 0.05859375
1 0.47734375 0.53125 0.065625 0.09765625
1 0.55234375 0.66328125 0.0765625 0.10234375
0 0.57421875 0.56796875 0.0625 0.08515625
1 0.55390625 0.4796875 0.04453125 0.06953125
1 0.61171875 0.6390625 0.03984375 0.0625
1 0.6515625 0.565625 0.078125 0.08046875
1 0.80234375 0.7296875 0.0328125 0.03046875
1 0.89140625 0.6515625 0.1125 0.06171875
1 0.96171875 0.58046875 0.05703125 0.10703125
1 0.5984375 0.415625 0.0484375 0.10234375
1 0.665625 0.38828125 0.0890625 0.10625
1 0.6453125 0.31953125 0.04765625 0.05390625
1 0.37265625 0.86875 0.053125 0.0453125
1 0.50390625 0.9 0.0296875 0.021875
1 0.1296875 0.9765625 0.07109375 0.04609375
1 0.7078125 0.59375 0.05390625 0.0921875
1 0.9609375 0.34140625 0.07734375 0.07890625
1 0.1015625 0.83671875 0.06796875 0.0875
0 0.6125 0.225 0.07265625 0.075
0 0.64921875 0.2578125 0.075 0.0734375
0 0.7125 0.30625 0.0765625 0.06640625
0 0.68828125 0.4890625 0.059375 0.07109375
0 0.73984375 0.4109375 0.06875 0.075
0 0.81796875 0.38125 0.0765625 0.08359375
1 0.12265625 0.678125 0.05703125 0.06171875
0 0.171875 0.590625 0.0578125 0.07265625
0 0.175 0.50859375 0.08125 0.07890625
0 0.1203125 0.9234375 0.075 0.046875
0 0.38515625 0.971875 0.08203125 0.05390625
0 0.6484375 0.7859375 0.06875 0.0578125
0 0.85625 0.78046875 0.06015625 0.06484375
0 0.80390625 0.209375 0.0625 0.046875
0 0.85859375 0.25859375 0.0421875 0.0828125
0 0.77421875 0.67265625 0.10078125 0.08046875
0 0.76640625 0.59140625 0.05859375 0.0609375
1 0.775 0.5234375 0.0578125 0.0671875
0 0.84921875 0.5203125 0.08125 0.10625