1 0.39375 0.021875 0.075 0.04375
0 0.059375 0.4578125 0.0734375 0.0984375
1 0.13046875 0.43359375 0.04140625 0.09765625
1 0.1734375 0.87421875 0.05546875 0.0953125
1 0.075 0.8203125 0.109375 0.0734375
1 0.3296875 0.8328125 0.1 0.134375
1 0.42734375 0.85390625 0.05859375 0.0859375
1 0.546875 0.77578125 0.09296875 0.11328125
1 0.5265625 0.76328125 0.03203125 0.0296875
1 0.5859375 0.44375 0.05546875 0.1453125
1 0.5796875 0.321875 0.06875 0.09921875
1 0.69609375 0.4296875 0.07421875 0.06328125
1 0.753125 0.5828125 0.08515625 0.15625
1 0.8328125 0.58203125 0.07578125 0.06875
1 0.84375 0.51015625 0.07109375 0.07734375
0 0.759375 0.41875 0.0625 0.08125
1 0.8125 0.4453125 0.0484375 0.05
1 0.93671875 0.49609375 0.078125 0.07578125
1 0.96640625 0.4359375 0.06640625 0.05
1 0.9578125 0.56875 0.0765625 0.09609375
0 0.55 0.6328125 0.07265625 0.09140625
1 0.540625 0.53515625 0.05703125 0.05546875
0 0.46875 0.30078125 0.0578125 0.0875
0 0.51875 0.28046875 0.05078125 0.06484375
0 0.6328125 0.246875 0.046875 0.0421875
0 0.709375 0.24609375 0.07890625 0.071875
0 0.7921875 0.21484375 0.046875 0.0453125
1 0.6421875 0.0359375 0.06015625 0.0671875
0 0.56484375 0.015625 0.09375 0.03046875
1 0.4375 0.03984375 0.090625 0.0796875
0 0.73046875 0.06953125 0.05859375 0.06171875
0 0.7375 0.02421875 0.07734375 0.0484375
0 0.83359375 0.04140625 0.1140625 0.0828125
0 0.18359375 0.31640625 0.09921875 0.09609375
0 0.240625 0.125 0.05625 0.075
0 0.3078125 0.1515625 0.10546875 0.0609375
0 0.14296875 0.5890625 0.07578125 0.09921875
0 0.2375 0.50078125 0.0953125 0.08515625
0 0.01640625 0.23046875 0.02734375 0.05
0 0.05703125 0.30390625 0.0640625 0.0671875
0 0.43125 0.178125 0.05 0.04765625
0 0.6796875 0.371875 0.078125 0.06796875
0 0.740625 0.3515625 0.06484375 0.05859375
0 0.815625 0.36953125 0.06328125 0.06875
0 0.79921875 0.31875 0.06171875 0.05234375
0 0.234375 0.39921875 0.0796875 0.09140625
0 0.3234375 0.7046875 0.065625 0.07734375
0 0.140625 0.7546875 0.03125 0.040625
1 0.80546875 0.721875 0.0203125 0.05390625
1 0.40625 0.403125 0.0265625 0.03359375
0 0.30546875 0.3515625 0.046875 0.05859375