1 0.0859375 0.384375 0.06328125 0.0671875
1 0.05234375 0.2953125 0.05859375 0.1125
1 0.26015625 0.31328125 0.08203125 0.09453125
1 0.54296875 0.5046875 0.053125 0.06640625
1 0.64375 0.43203125 0.0546875 0.07265625
1 0.428125 0.29296875 0.0828125 0.103125
1 0.35 0.51640625 0.0703125 0.09921875
0 0.55234375 0.63125 0.07734375 0.1
1 0.5953125 0.5578125 0.04765625 0.084375
1 0.66015625 0.5984375 0.0828125 0.07890625
1 0.3984375 0.75625 0.11328125 0.0875
1 0.44765625 0.70234375 0.03671875 0.04609375
1 0.490625 0.7875 0.0828125 0.1328125
1 0.37890625 0.96015625 0.0703125 0.0796875
1 0.4328125 0.98203125 0.04375 0.03515625
1 0.4390625 0.934375 0.05078125 0.05
0 0.8375 0.45703125 0.08125 0.11875
1 0.88984375 0.34296875 0.1359375 0.08203125
1 0.94921875 0.40625 0.0453125 0.08046875
1 0.8375 0.92734375 0.04453125 0.05390625
1 0.75703125 0.88125 0.053125 0.06484375
1 0.915625 0.875 0.06171875 0.0875
1 0.03046875 0.6609375 0.0609375 0.0796875
0 0.10078125 0.05546875 0.040625 0.04296875
1 0.115625 0.30234375 0.06875 0.071875
0 0.17734375 0.28359375 0.059375 0.0484375
0 0.18828125 0.22109375 0.0625 0.0703125
0 0.95390625 0.6484375 0.08125 0.08203125
0 0.84609375 0.19921875 0.03515625 0.059375
0 0.8890625 0.15625 0.04609375 0.0484375
0 0.63125 0.20703125 0.04765625 0.05546875
0 0.32890625 0.4015625 0.08125 0.06953125
0 0.84609375 0.73671875 0.04375 0.053125
0 0.521875 0.96015625 0.065625 0.0625
0 0.61484375 0.7453125 0.090625 0.10078125
0 0.59765625 0.34765625 0.05078125 0.06953125
0 0.81015625 0.6046875 0.07890625 0.084375