1 0.115625 0.40625 0.04296875 0.0921875
1 0.0671875 0.37265625 0.03125 0.06171875
0 0.48203125 0.27265625 0.05234375 0.0984375
1 0.5859375 0.30078125 0.05078125 0.10546875
1 0.49296875 0.16875 0.03046875 0.03359375
0 0.4375 0.43359375 0.0625 0.0625
1 0.415625 0.378125 0.03515625 0.04453125
1 0.5953125 0.6609375 0.0375 0.03984375
1 0.5828125 0.59140625 0.03984375 0.04296875
1 0.5515625 0.525 0.03984375 0.05703125
1 0.60703125 0.478125 0.07421875 0.08046875
1 0.5015625 0.48359375 0.08671875 0.06015625
1 0.5734375 0.5078125 0.03046875 0.0375
1 0.21875 0.36328125 0.1328125 0.14140625
1 0.1625 0.27109375 0.0703125 0.0546875
1 0.33828125 0.83984375 0.1 0.1609375
1 0.4328125 0.85625 0.0515625 0.08125
0 0.49296875 0.8328125 0.065625 0.09296875
1 0.54765625 0.76015625 0.0359375 0.04140625
1 0.89921875 0.3890625 0.096875 0.10390625
1 0.7640625 0.58984375 0.0671875 0.10703125
1 0.86484375 0.58203125 0.0765625 0.096875
1 0.88046875 0.49453125 0.08125 0.08203125
1 0.85625 0.42890625 0.0421875 0.053125
1 0.7234375 0.396875 0.08046875 0.0703125
1 0.1515625 0.88671875 0.05234375 0.0984375
1 0.07265625 0.8375 0.06015625 0.06171875
0 0.15859375 0.8125 0.05703125 0.0578125
1 0.0234375 0.80859375 0.0375 0.04921875
0 0.0140625 0.7484375 0.028125 0.07578125
0 0.134375 0.7609375 0.04453125 0.0390625
1 0.22890625 0.75390625 0.08671875 0.0828125
1 0.96796875 0.475 0.0640625 0.06875
1 0.9875 0.428125 0.025 0.05
1 0.98203125 0.559375 0.03515625 0.109375
1 0.840625 0.7265625 0.04609375 0.03671875
0 0.1296875 0.55546875 0.053125 0.0875
0 0.3203125 0.7046875 0.0546875 0.078125
0 0.1734375 0.47109375 0.04765625 0.05234375
0 0.20859375 0.48046875 0.03203125 0.05
0 0.3484375 0.5359375 0.05234375 0.06171875
0 0.24609375 0.08828125 0.053125 0.09140625
0 0.60234375 0.23359375 0.04375 0.0515625
0 0.65390625 0.21640625 0.04765625 0.0390625
0 0.44296875 0.13203125 0.0375 0.040625
0 0.03828125 0.2703125 0.06171875 0.075
0 0.73359375 0.21015625 0.078125 0.0703125
0 0.7609375 0.02578125 0.05 0.0515625
0 0.83515625 0.01796875 0.0671875 0.0359375
0 0.7859375 0.39140625 0.0484375 0.0765625
0 0.70078125 0.3328125 0.09296875 0.06640625
0 0.77578125 0.32265625 0.06796875 0.0640625
0 0.85390625 0.3328125 0.046875 0.0484375
0 0.840625 0.28359375 0.06953125 0.053125
1 0.303125 0.3296875 0.05234375 0.05546875
1 0.4140625 0.77421875 0.059375 0.07421875
0 0.61015625 0.834375 0.08125 0.07421875
0 0.74765625 0.96953125 0.0640625 0.0609375
0 0.675 0.784375 0.05859375 0.0640625