1 0.08046875 0.28125 0.10234375 0.084375
1 0.07265625 0.696875 0.1 0.0890625
0 0.64453125 0.38671875 0.046875 0.0625
1 0.6625 0.33359375 0.08359375 0.05078125
1 0.70703125 0.28203125 0.09609375 0.071875
0 0.75703125 0.48046875 0.06171875 0.1109375
1 0.83125 0.4125 0.0578125 0.096875
1 0.840625 0.3171875 0.028125 0.0484375
1 0.95078125 0.09140625 0.09296875 0.07890625
1 0.4046875 0.53125 0.05 0.05625
1 0.41875 0.4875 0.06015625 0.071875
1 0.4484375 0.43515625 0.065625 0.1015625
1 0.915625 0.3484375 0.05703125 0.075
1 0.98125 0.33515625 0.0375 0.0484375
1 0.971875 0.509375 0.05625 0.090625
0 0.6328125 0.7796875 0.05 0.090625
0 0.54140625 0.9546875 0.0640625 0.06953125
0 0.621875 0.9484375 0.04609375 0.06484375
0 0.68671875 0.88671875 0.05546875 0.05859375
1 0.7234375 0.815625 0.0703125 0.0546875
1 0.8265625 0.78671875 0.059375 0.08125
1 0.6625 0.53203125 0.08359375 0.08984375
1 0.525 0.76171875 0.0625 0.0671875
1 0.525 0.6734375 0.0625 0.11015625
0 0.51484375 0.90234375 0.0640625 0.07109375
1 0.571875 0.84765625 0.06640625 0.09140625
0 0.2984375 0.91015625 0.078125 0.09140625
0 0.29921875 0.8125 0.05234375 0.06171875
1 0.3890625 0.8 0.0890625 0.10390625
0 0.3546875 0.9578125 0.07421875 0.084375
1 0.43671875 0.89609375 0.06015625 0.09453125
1 0.2390625 0.853125 0.03515625 0.03671875
0 0.24453125 0.50546875 0.0546875 0.06796875
0 0.25625 0.721875 0.07421875 0.071875
0 0.328125 0.70546875 0.0578125 0.0890625
0 0.9421875 0.6203125 0.05234375 0.084375
0 0.78125 0.92265625 0.05625 0.0625
0 0.8796875 0.9390625 0.0625 0.06484375
0 0.5734375 0.45234375 0.046875 0.0734375
0 0.28671875 0.41640625 0.06328125 0.1
0 0.5296875 0.2171875 0.0546875 0.09453125
0 0.64296875 0.13515625 0.053125 0.07265625
0 0.7265625 0.1609375 0.0546875 0.05703125
0 0.5265625 0.34296875 0.096875 0.1
0 0.6734375 0.45625 0.05625 0.059375
0 0.0984375 0.5203125 0.0796875 0.05703125
0 0.11484375 0.19140625 0.04609375 0.0640625
0 0.34453125 0.246875 0.0546875 0.06015625
0 0.32421875 0.19453125 0.034375 0.0609375
0 0.16171875 0.3703125 0.0734375 0.08828125