1 0.04453125 0.29765625 0.08828125 0.0984375
1 0.0578125 0.74140625 0.115625 0.08515625
1 0.22578125 0.12578125 0.0359375 0.03125
1 0.31953125 0.28359375 0.07109375 0.09375
1 0.3796875 0.19375 0.103125 0.1015625
1 0.44765625 0.0921875 0.06015625 0.0765625
1 0.46640625 0.25390625 0.0796875 0.0734375
1 0.53671875 0.315625 0.06796875 0.13046875
1 0.53984375 0.2203125 0.06953125 0.0734375
1 0.58046875 0.13828125 0.084375 0.1015625
1 0.765625 0.25078125 0.0484375 0.08125
1 0.853125 0.20546875 0.0890625 0.075
1 0.64765625 0.20234375 0.07109375 0.0953125
1 0.74921875 0.16328125 0.06484375 0.06640625
1 0.68046875 0.46484375 0.08359375 0.103125
1 0.8125 0.68359375 0.065625 0.071875
1 0.8578125 0.59921875 0.05390625 0.09921875
1 0.8671875 0.6984375 0.028125 0.0390625
1 0.3640625 0.528125 0.0625 0.059375
1 0.4171875 0.5125 0.046875 0.06875
1 0.36328125 0.46953125 0.04296875 0.07265625
1 0.40625 0.4671875 0.06171875 0.06640625
1 0.45078125 0.56796875 0.06171875 0.0859375
1 0.728125 0.7359375 0.10703125 0.07421875
1 0.9734375 0.9484375 0.053125 0.103125
0 0.2859375 0.059375 0.0703125 0.0953125
0 0.41953125 0.0265625 0.1578125 0.053125
1 0.51328125 0.065625 0.075 0.0765625
0 0.54375 0.02109375 0.075 0.0421875
0 0.6125 0.06015625 0.059375 0.06171875
0 0.6390625 0.0203125 0.046875 0.040625
0 0.6953125 0.0953125 0.05078125 0.05625
0 0.796875 0.06015625 0.065625 0.0875
1 0.91875 0.03359375 0.06015625 0.05390625
1 0.1796875 0.35859375 0.1 0.07265625
1 0.2421875 0.2640625 0.06796875 0.0859375
0 0.225 0.5015625 0.065625 0.06875
0 0.3234375 0.8296875 0.0515625 0.07890625
0 0.35078125 0.7640625 0.0578125 0.05390625
0 0.40390625 0.71484375 0.04375 0.04921875
0 0.97109375 0.375 0.05703125 0.07890625
1 0.05390625 0.41640625 0.084375 0.1
1 0.084375 0.46640625 0.08359375 0.0609375
0 0.534375 0.6609375 0.090625 0.08515625
0 0.52890625 0.8046875 0.05234375 0.07734375
0 0.65625 0.88046875 0.053125 0.08203125
1 0.94140625 0.67265625 0.06953125 0.09453125
0 0.73515625 0.9234375 0.059375 0.05625
1 0.75234375 0.865625 0.053125 0.06484375
0 0.10078125 0.83671875 0.07109375 0.065625
0 0.16875 0.6125 0.0421875 0.05390625
1 0.665625 0.6234375 0.053125 0.0984375