1 0.01328125 0.02265625 0.02578125 0.04453125
0 0.02890625 0.734375 0.04375 0.07890625
1 0.01875 0.65625 0.028125 0.03046875
1 0.015625 0.59140625 0.03125 0.11484375
1 0.07890625 0.69609375 0.0546875 0.1015625
1 0.13203125 0.68125 0.0625 0.0671875
1 0.10234375 0.6125 0.04375 0.06796875
1 0.35390625 0.490625 0.05546875 0.10078125
1 0.3828125 0.0734375 0.06875 0.075
1 0.38203125 0.01953125 0.03515625 0.0390625
0 0.43203125 0.18359375 0.04140625 0.0796875
1 0.44140625 0.0953125 0.04765625 0.0640625
1 0.43984375 0.02734375 0.0765625 0.0546875
0 0.51953125 0.08125 0.05625 0.07265625
1 0.57890625 0.0328125 0.04453125 0.0515625
1 0.7390625 0.15390625 0.075 0.075
1 0.815625 0.1015625 0.05390625 0.07265625
0 0.771875 0.23984375 0.05546875 0.059375
0 0.90234375 0.2546875 0.11171875 0.11171875
1 0.88046875 0.153125 0.06328125 0.08671875
0 0.9203125 0.37265625 0.0625 0.06171875
1 0.9796875 0.3203125 0.040625 0.09375
0 0.3890625 0.37578125 0.06328125 0.08515625
1 0.44453125 0.3015625 0.03515625 0.04375
0 0.34765625 0.5828125 0.06015625 0.0625
0 0.3828125 0.57734375 0.05859375 0.078125
1 0.459375 0.5515625 0.07890625 0.09765625
1 0.53203125 0.5015625 0.04921875 0.0609375
0 0.2078125 0.76015625 0.06171875 0.07734375
0 0.19375 0.70625 0.0390625 0.04921875
1 0.2640625 0.690625 0.0671875 0.0625
1 0.2859375 0.6625 0.0484375 0.06484375
1 0.40546875 0.26875 0.0875 0.06328125
1 0.49375 0.22890625 0.08984375 0.1171875
1 0.58203125 0.446875 0.0421875 0.09296875
1 0.64453125 0.4171875 0.078125 0.09765625
1 0.53203125 0.3609375 0.059375 0.078125
1 0.62109375 0.353125 0.053125 0.05859375
0 0.57734375 0.6921875 0.05078125 0.0703125
1 0.59453125 0.6421875 0.06328125 0.065625
0 0.56171875 0.57734375 0.06015625 0.06015625
0 0.63984375 0.671875 0.0375 0.10625
1 0.6328125 0.57421875 0.06484375 0.0765625
0 0.7265625 0.6875 0.05 0.1015625
1 0.7765625 0.72265625 0.03046875 0.0375
0 0.7703125 0.6578125 0.05390625 0.06015625
1 0.8515625 0.66171875 0.09921875 0.07734375
1 0.91015625 0.59296875 0.0421875 0.1
1 0.98984375 0.50625 0.01953125 0.078125
1 0.98125 0.48984375 0.00078125 0.01171875
1 0.1484375 0.9765625 0.07734375 0.04609375
1 0.89375 0.9796875 0.090625 0.040625
1 0.0453125 0.02578125 0.04453125 0.0515625
1 0.1046875 0.0390625 0.07890625 0.0640625
0 0.0625 0.3609375 0.07421875 0.06015625
0 0.2046875 0.0640625 0.08203125 0.06484375
0 0.1921875 0.015625 0.08125 0.03125
0 0.81796875 0.27890625 0.0375 0.0609375
0 0.6078125 0.0921875 0.04453125 0.04453125
0 0.9703125 0.02421875 0.0546875 0.0484375
0 0.278125 0.38828125 0.06796875 0.0921875
0 0.1453125 0.91171875 0.065625 0.0734375
0 0.346875 0.7171875 0.08046875 0.10234375
1 0.4296875 0.6953125 0.06796875 0.09140625
0 0.20078125 0.58203125 0.08359375 0.07890625
0 0.5953125 0.25078125 0.05546875 0.0765625
0 0.634375 0.28671875 0.04453125 0.059375
0 0.68671875 0.34296875 0.05078125 0.06484375
0 0.68125 0.50546875 0.0578125 0.0640625
0 0.71171875 0.446875 0.04296875 0.06328125
0 0.4984375 0.6171875 0.04453125 0.059375
0 0.375 0.959375 0.08046875 0.07421875
0 0.82265625 0.77734375 0.05 0.0671875
0 0.7859375 0.4078125 0.0796875 0.08203125
0 0.725 0.6078125 0.04765625 0.06328125
1 0.74140625 0.53125 0.04453125 0.0703125
0 0.825 0.5265625 0.09140625 0.10546875
0 0.96640625 0.915625 0.06640625 0.06640625