0 0.14296875 0.0921875 0.06640625 0.08046875
1 0.12265625 0.36875 0.053125 0.05859375
1 0.16484375 0.4875 0.0296875 0.040625
0 0.20546875 0.43125 0.04453125 0.07109375
0 0.19921875 0.378125 0.05 0.0625
0 0.22421875 0.296875 0.05390625 0.075
0 0.2171875 0.2140625 0.05390625 0.05703125
0 0.209375 0.1421875 0.06953125 0.065625
1 0.246875 0.0640625 0.07265625 0.10078125
0 0.55 0.56953125 0.05546875 0.07578125
1 0.6328125 0.5890625 0.1125 0.09296875
1 0.065625 0.471875 0.05 0.07734375
1 0.1890625 0.675 0.08203125 0.11171875
1 0.28671875 0.5640625 0.05390625 0.07265625
1 0.015625 0.9453125 0.03125 0.10859375
1 0.07265625 0.97421875 0.06015625 0.05078125
1 0.11796875 0.96328125 0.0484375 0.0734375
1 0.0234375 0.85078125 0.046875 0.0984375
1 0.1140625 0.86953125 0.053125 0.06875
1 0.17890625 0.9546875 0.0625 0.059375
1 0.16484375 0.86328125 0.04765625 0.05234375
1 0.159375 0.8 0.0625 0.05859375
1 0.22265625 0.91015625 0.07421875 0.05546875
0 0.215625 0.82578125 0.028125 0.05625
0 0.253125 0.85 0.05390625 0.0609375
1 0.27734375 0.8109375 0.04453125 0.05
0 0.3453125 0.96328125 0.04296875 0.0734375
0 0.35078125 0.89296875 0.05390625 0.0578125
1 0.328125 0.815625 0.04296875 0.0765625
1 0.35859375 0.83203125 0.03828125 0.0609375
0 0.4296875 0.97734375 0.034375 0.0453125
1 0.42578125 0.9203125 0.06484375 0.0671875
1 0.028125 0.74140625 0.05625 0.0765625
1 0.0390625 0.68046875 0.03203125 0.0390625
1 0.27109375 0.97890625 0.06796875 0.0421875
0 0.04765625 0.14375 0.05390625 0.0765625
0 0.03359375 0.065625 0.053125 0.0625
0 0.06875 0.0265625 0.06875 0.053125
0 0.1328125 0.034375 0.046875 0.06328125
0 0.275 0.1578125 0.04921875 0.06015625
0 0.2140625 0.53125 0.0703125 0.06640625
0 0.2703125 0.48203125 0.0578125 0.06171875
0 0.26484375 0.4046875 0.03359375 0.04453125
0 0.28359375 0.31875 0.053125 0.078125
0 0.35234375 0.084375 0.04765625 0.0640625
0 0.31875 0.42265625 0.046875 0.04453125
0 0.3484375 0.34609375 0.04453125 0.0578125
0 0.434375 0.4890625 0.07265625 0.071875
0 0.43359375 0.4 0.03515625 0.06796875
0 0.384375 0.284375 0.0625 0.06328125
0 0.3375 0.2015625 0.040625 0.06796875
0 0.4828125 0.03203125 0.0625 0.0640625
0 0.47265625 0.26484375 0.046875 0.0734375
0 0.41015625 0.2015625 0.05625 0.08984375
0 0.4 0.1296875 0.05859375 0.0578125
0 0.06328125 0.646875 0.040625 0.04296875
0 0.58125 0.05 0.07578125 0.08984375
0 0.5265625 0.16875 0.04296875 0.0734375
0 0.5640625 0.16484375 0.0421875 0.0703125
0 0.52109375 0.49609375 0.05 0.05390625
0 0.525 0.40625 0.0625 0.05234375
0 0.55390625 0.346875 0.05859375 0.07734375
0 0.39921875 0.6109375 0.075 0.08203125
0 0.34296875 0.7125 0.04140625 0.06171875
0 0.41328125 0.7765625 0.06171875 0.0515625
0 0.43984375 0.75546875 0.03984375 0.0546875
0 0.43671875 0.675 0.06015625 0.071875
0 0.6203125 0.16875 0.0296875 0.09140625
0 0.66796875 0.0984375 0.040625 0.075
0 0.6625 0.2296875 0.04765625 0.10546875
0 0.73671875 0.290625 0.03515625 0.06640625
0 0.7390625 0.1921875 0.0390625 0.084375
0 0.76328125 0.1203125 0.075 0.07421875
0 0.746875 0.046875 0.06484375 0.0609375
0 0.80390625 0.046875 0.0484375 0.0703125
0 0.853125 0.06171875 0.03125 0.06953125
0 0.95234375 0.11015625 0.06875 0.0625
0 0.934375 0.04375 0.10078125 0.07734375
0 0.42265625 0.85625 0.03203125 0.04609375
0 0.4546875 0.86875 0.04296875 0.0625
0 0.48359375 0.91015625 0.0421875 0.05546875
0 0.709375 0.58125 0.03359375 0.05546875
0 0.77890625 0.515625 0.06171875 0.07578125
0 0.8109375 0.2953125 0.05859375 0.059375
0 0.89765625 0.2421875 0.07109375 0.06875
0 0.853125 0.475 0.03515625 0.0609375
0 0.95 0.38203125 0.04140625 0.07578125
0 0.78125 0.64765625 0.03515625 0.0625
0 0.84609375 0.5875 0.06640625 0.071875
0 0.95234375 0.546875 0.06484375 0.075
0 0.52109375 0.85390625 0.03203125 0.05
0 0.571875 0.76640625 0.040625 0.05390625
0 0.57265625 0.90859375 0.05 0.10546875
0 0.653125 0.79453125 0.05625 0.075
0 0.52734375 0.9734375 0.05390625 0.053125
0 0.58828125 0.97890625 0.0328125 0.03671875
0 0.60234375 0.93046875 0.0296875 0.06484375
0 0.634375 0.96953125 0.046875 0.0609375
1 0.1015625 0.540625 0.06796875 0.06640625
1 0.9484375 0.88828125 0.04765625 0.034375