0 0.03984375 0.11875 0.04765625 0.0703125
0 0.09140625 0.178125 0.03046875 0.0609375
0 0.08125 0.10625 0.05 0.0453125
1 0.078125 0.0625 0.04296875 0.065625
1 0.07265625 0.01015625 0.0421875 0.01953125
1 0.1546875 0.17109375 0.0640625 0.06875
1 0.153125 0.12421875 0.05 0.0375
1 0.1390625 0.08203125 0.0453125 0.0609375
0 0.19921875 0.15625 0.01796875 0.05625
1 0.2078125 0.0921875 0.03046875 0.0265625
1 0.2875 0.06640625 0.05625 0.07421875
1 0.371875 0.046875 0.05546875 0.07890625
1 0.79609375 0.45625 0.04609375 0.06328125
0 0.715625 0.3828125 0.0421875 0.05546875
0 0.7734375 0.35625 0.0546875 0.059375
1 0.834375 0.3578125 0.04765625 0.0453125
1 0.896875 0.3125 0.065625 0.06171875
1 0.99140625 0.3078125 0.0171875 0.03046875
0 0.6625 0.66953125 0.05234375 0.0578125
1 0.759375 0.6375 0.07578125 0.09609375
0 0.5984375 0.834375 0.034375 0.07421875
0 0.64453125 0.85390625 0.05234375 0.0859375
1 0.671875 0.76171875 0.04375 0.04921875
0 0.47734375 0.69765625 0.02578125 0.06875
0 0.56328125 0.71875 0.03203125 0.05234375
1 0.60390625 0.646875 0.05078125 0.0828125
0 0.021875 0.8703125 0.04375 0.10234375
1 0.1 0.83125 0.065625 0.07734375
1 0.009375 0.94765625 0.01875 0.05546875
0 0.03984375 0.4265625 0.03359375 0.04375
1 0.096875 0.4015625 0.0546875 0.0875
0 0.34296875 0.403125 0.04140625 0.059375
0 0.3875 0.3796875 0.03359375 0.04453125
0 0.34921875 0.3390625 0.04609375 0.04765625
0 0.4671875 0.38203125 0.03984375 0.05390625
1 0.471875 0.328125 0.04453125 0.0578125
0 0.49609375 0.459375 0.03515625 0.05
0 0.5078125 0.29609375 0.03828125 0.05234375
0 0.503125 0.3671875 0.03203125 0.059375
0 0.53203125 0.42421875 0.04921875 0.0625
1 0.5546875 0.35390625 0.05 0.06796875
1 0.45625 0.490625 0.040625 0.05546875
1 0.33125 0.5359375 0.09375 0.0890625
0 0.265625 0.25703125 0.06015625 0.06171875
0 0.30390625 0.26484375 0.02265625 0.0421875
0 0.21484375 0.21953125 0.0265625 0.0578125
0 0.2421875 0.19765625 0.03203125 0.059375
1 0.32265625 0.178125 0.05 0.065625
0 0.02265625 0.36484375 0.0359375 0.06796875
0 0.0609375 0.3296875 0.040625 0.05546875
0 0.09609375 0.54765625 0.0390625 0.04453125
0 0.1125 0.4765625 0.0375 0.05078125
0 0.15546875 0.4390625 0.0375 0.046875
0 0.140625 0.3578125 0.03125 0.059375
1 0.146875 0.2890625 0.04765625 0.0640625
0 0.190625 0.371875 0.04609375 0.06015625
1 0.1734375 0.32265625 0.03359375 0.059375
1 0.17265625 0.2390625 0.05 0.05390625
0 0.175 0.5171875 0.0375 0.05546875
0 0.22421875 0.5140625 0.04609375 0.06796875
0 0.21953125 0.43671875 0.04140625 0.059375
0 0.2109375 0.3453125 0.04140625 0.05234375
1 0.2078125 0.28203125 0.03984375 0.06796875
1 0.20625 0.0390625 0.06796875 0.0765625
1 0.27109375 0.015625 0.0796875 0.03125
0 0.04140625 0.5375 0.0515625 0.05078125
0 0.0796875 0.4890625 0.0328125 0.03984375
0 0.0171875 0.25546875 0.034375 0.0640625
0 0.01328125 0.19765625 0.0265625 0.059375
0 0.14296875 0.01875 0.0484375 0.0375
0 0.2671875 0.4859375 0.046875 0.046875
0 0.2671875 0.4328125 0.04296875 0.05625
0 0.234375 0.3875 0.03984375 0.046875
0 0.265625 0.340625 0.0390625 0.05546875
0 0.3125 0.3921875 0.0265625 0.04765625
0 0.3703125 0.43984375 0.02578125 0.0390625
0 0.1140625 0.94140625 0.0671875 0.078125
0 0.11875 0.8859375 0.03203125 0.04296875
0 0.2140625 0.8453125 0.09609375 0.0703125
0 0.2171875 0.75625 0.06796875 0.0875
0 0.29453125 0.86953125 0.05625 0.090625
0 0.30546875 0.75625 0.04765625 0.06015625
0 0.32890625 0.93828125 0.05859375 0.0671875
0 0.353125 0.85078125 0.05703125 0.0625
0 0.38359375 0.77421875 0.06015625 0.08359375
0 0.4203125 0.7015625 0.05390625 0.05
0 0.47421875 0.8234375 0.05390625 0.10078125
0 0.58046875 0.97734375 0.0640625 0.0453125
0 0.68515625 0.971875 0.0546875 0.05625
0 0.7453125 0.96328125 0.04375 0.0734375
0 0.828125 0.97109375 0.05703125 0.05234375
0 0.859375 0.909375 0.06953125 0.071875
0 0.925 0.94140625 0.0453125 0.05625
0 0.97109375 0.9046875 0.0390625 0.04921875
0 0.79921875 0.76953125 0.053125 0.08671875
0 0.778125 0.56953125 0.04609375 0.0578125
0 0.88125 0.6046875 0.05703125 0.05625
0 0.8640625 0.54375 0.0625 0.0734375
0 0.984375 0.61328125 0.03046875 0.05234375
0 0.84296875 0.77578125 0.0375 0.0953125
0 0.89296875 0.8125 0.04453125 0.0578125
0 0.9453125 0.81484375 0.05078125 0.07109375
0 0.98671875 0.7828125 0.0265625 0.09609375
0 0.60390625 0.3359375 0.05078125 0.06015625
0 0.684375 0.35078125 0.05078125 0.053125
0 0.42265625 0.421875 0.05 0.03515625
0 0.36484375 0.2796875 0.05859375 0.06640625
0 0.35234375 0.14140625 0.03359375 0.0359375
0 0.38203125 0.14921875 0.02734375 0.04765625
0 0.403125 0.178125 0.028125 0.04375
0 0.4203125 0.303125 0.03671875 0.04375
1 0.4484375 0.24921875 0.03046875 0.0375
0 0.43828125 0.17578125 0.03671875 0.0734375
0 0.47421875 0.22734375 0.03671875 0.0421875
0 0.515625 0.1640625 0.0390625 0.046875
0 0.49609375 0.12734375 0.03515625 0.053125
0 0.425 0.0796875 0.05546875 0.0515625
0 0.4234375 0.0203125 0.0375 0.040625
0 0.46171875 0.04765625 0.046875 0.0625
0 0.503125 0.02890625 0.04609375 0.05703125
0 0.5234375 0.07421875 0.0375 0.0625
0 0.5375 0.0125 0.03046875 0.025
0 0.54609375 0.17578125 0.028125 0.05625
0 0.57734375 0.18203125 0.03359375 0.0640625
0 0.95546875 0.0578125 0.04453125 0.09609375
0 0.65 0.290625 0.04453125 0.0578125
0 0.67890625 0.2765625 0.040625 0.0515625
0 0.77578125 0.26875 0.03671875 0.04921875
0 0.8421875 0.27734375 0.05390625 0.053125
0 0.9 0.24375 0.05859375 0.06640625
0 0.6640625 0.2234375 0.04609375 0.04921875
0 0.725 0.2140625 0.05234375 0.0515625
0 0.79921875 0.225 0.0171875 0.0390625
0 0.83515625 0.1828125 0.05703125 0.0921875
0 0.934375 0.1921875 0.02890625 0.04453125
0 0.68359375 0.165625 0.06328125 0.0578125
0 0.77734375 0.1640625 0.0359375 0.046875
0 0.5828125 0.0984375 0.03984375 0.05703125
0 0.61015625 0.04921875 0.0359375 0.0484375
0 0.64375 0.0234375 0.04609375 0.04609375
0 0.56875 0.28828125 0.03359375 0.053125
0 0.6140625 0.203125 0.0390625 0.065625
0 0.70234375 0.10859375 0.03359375 0.046875