0 0.21875 0.44296875 0.04375 0.07265625
1 0.240625 0.3578125 0.078125 0.07109375
0 0.2734375 0.40546875 0.04609375 0.0375
1 0.39375 0.35078125 0.05859375 0.07109375
0 0.265625 0.26796875 0.0578125 0.06640625
1 0.31484375 0.24765625 0.0578125 0.065625
0 0.12421875 0.46953125 0.0375 0.07734375
1 0.1578125 0.47890625 0.0296875 0.05
0 0.02890625 0.6765625 0.0484375 0.05703125
0 0.09765625 0.765625 0.0609375 0.06640625
1 0.10234375 0.696875 0.06171875 0.053125
1 0.15703125 0.63515625 0.04921875 0.059375
1 0.20078125 0.540625 0.0296875 0.040625
0 0.74375 0.2140625 0.053125 0.05625
0 0.78671875 0.2390625 0.06328125 0.0703125
0 0.846875 0.2046875 0.04609375 0.05625
0 0.8234375 0.15 0.075 0.05859375
1 0.90703125 0.1453125 0.06796875 0.071875
1 0.4890625 0.5546875 0.103125 0.06796875
1 0.54765625 0.49765625 0.040625 0.0703125
1 0.6765625 0.46171875 0.10703125 0.0828125
0 0.53046875 0.28671875 0.05078125 0.06796875
0 0.57734375 0.2921875 0.05625 0.046875
0 0.6140625 0.2234375 0.0484375 0.07578125
1 0.64609375 0.21484375 0.01875 0.03203125
0 0.3453125 0.13046875 0.04609375 0.07265625
0 0.3703125 0.15234375 0.034375 0.071875
0 0.4078125 0.15859375 0.03828125 0.06640625
0 0.3375 0.32265625 0.04921875 0.05
0 0.42421875 0.2625 0.0484375 0.059375
0 0.47265625 0.25546875 0.04296875 0.059375
1 0.51171875 0.16953125 0.0265625 0.05234375
0 0.31484375 0.83203125 0.04453125 0.05625
0 0.3390625 0.76796875 0.046875 0.0484375
0 0.34453125 0.7046875 0.028125 0.06015625
0 0.33828125 0.91640625 0.0375 0.05078125
0 0.371875 0.98359375 0.04609375 0.0328125
0 0.3859375 0.959375 0.034375 0.0515625
0 0.375 0.915625 0.0390625 0.03984375
0 0.35859375 0.84921875 0.04296875 0.04609375
0 0.38203125 0.790625 0.04921875 0.05703125
1 0.39921875 0.728125 0.0515625 0.07109375
0 0.3921875 0.665625 0.04296875 0.04921875
0 0.43828125 0.71875 0.0234375 0.06171875
1 0.45 0.6515625 0.04609375 0.05234375
0 0.4890625 0.7078125 0.0359375 0.05390625
1 0.5328125 0.67109375 0.04765625 0.05625
0 0.4125 0.91171875 0.04296875 0.04609375
0 0.43515625 0.82265625 0.04765625 0.06015625
0 0.4734375 0.98359375 0.0390625 0.028125
0 0.47109375 0.9203125 0.03984375 0.05
0 0.5046875 0.8671875 0.0359375 0.05
0 0.4890625 0.83046875 0.0359375 0.0484375
1 0.525 0.76953125 0.03984375 0.034375
0 0.56015625 0.825 0.03984375 0.07734375
1 0.55859375 0.74453125 0.0359375 0.059375
0 0.590625 0.81953125 0.03671875 0.053125
0 0.49296875 0.97890625 0.034375 0.0421875
0 0.5390625 0.96328125 0.028125 0.046875
0 0.5734375 0.97421875 0.034375 0.05
0 0.5875 0.92109375 0.053125 0.05625
0 0.615625 0.85390625 0.0390625 0.05546875
0 0.65234375 0.85703125 0.04453125 0.03046875
1 0.6828125 0.82265625 0.05234375 0.0640625
0 0.6984375 0.7265625 0.05234375 0.05
0 0.75078125 0.7453125 0.0546875 0.05703125
0 0.77890625 0.7921875 0.05625 0.0609375
1 0.80078125 0.71953125 0.03359375 0.059375
1 0.63828125 0.96328125 0.0484375 0.0734375
1 0.73046875 0.984375 0.0890625 0.03046875
1 0.80390625 0.95859375 0.0625 0.08203125
1 0.86640625 0.98515625 0.0515625 0.0296875
1 0.7984375 0.91796875 0.03828125 0.03125
1 0.8703125 0.92421875 0.05625 0.06171875
0 0.80546875 0.8578125 0.03828125 0.04453125
1 0.85859375 0.84453125 0.06015625 0.09921875
1 0.834375 0.75625 0.0421875 0.0609375
0 0.7984375 0.6625 0.03828125 0.0421875
1 0.83359375 0.675 0.03203125 0.059375
0 0.81328125 0.6171875 0.04453125 0.05390625
0 0.8578125 0.6296875 0.02734375 0.04375
0 0.90234375 0.67265625 0.03125 0.0671875
1 0.91953125 0.59765625 0.05703125 0.0640625
1 0.8640625 0.71171875 0.03515625 0.06484375
1 0.95859375 0.9921875 0.08203125 0.01484375
1 0.94296875 0.94375 0.04140625 0.07890625
1 0.71640625 0.94140625 0.07421875 0.065625
0 0.928125 0.24453125 0.05546875 0.05546875
1 0.89609375 0.1078125 0.05859375 0.06796875
0 0.9796875 0.12734375 0.040625 0.0578125
0 0.8984375 0.04921875 0.0546875 0.075
0 0.6515625 0.1484375 0.04765625 0.06328125
0 0.67109375 0.05703125 0.0734375 0.0734375
0 0.6953125 0.2390625 0.0375 0.05703125
0 0.7109375 0.121875 0.04609375 0.08671875
0 0.7703125 0.13828125 0.053125 0.075
0 0.53984375 0.0328125 0.05234375 0.065625
0 0.0453125 0.1671875 0.0453125 0.05703125
0 0.14296875 0.08203125 0.084375 0.065625
0 0.0671875 0.053125 0.0484375 0.0609375
0 0.159375 0.01796875 0.04375 0.0359375
0 0.24296875 0.02890625 0.05625 0.0515625
0 0.31875 0.02421875 0.065625 0.0484375
0 0.42109375 0.01796875 0.0515625 0.0359375
0 0.01875 0.0859375 0.03671875 0.059375
0 0.0875 0.24609375 0.04921875 0.04921875
0 0.1515625 0.24296875 0.0390625 0.0515625
0 0.11171875 0.18671875 0.06171875 0.0640625
0 0.146875 0.20390625 0.03828125 0.0546875
0 0.203125 0.19921875 0.053125 0.1109375
0 0.0171875 0.46328125 0.03359375 0.06484375
0 0.0140625 0.38125 0.028125 0.046875
0 0.13125 0.37265625 0.06953125 0.0609375
0 0.06015625 0.8171875 0.04765625 0.04375
0 0.040625 0.95 0.0359375 0.1
0 0.1234375 0.82890625 0.0359375 0.040625
0 0.14375 0.784375 0.040625 0.03671875
0 0.15859375 0.72734375 0.02578125 0.04765625
0 0.1671875 0.8359375 0.03984375 0.05546875
0 0.221875 0.646875 0.06328125 0.05546875
0 0.23125 0.69296875 0.0296875 0.04140625
0 0.2703125 0.7875 0.034375 0.065625
0 0.265625 0.71796875 0.04375 0.06953125
0 0.28046875 0.625 0.0421875 0.06640625
0 0.209375 0.8234375 0.034375 0.06953125
0 0.19140625 0.76875 0.034375 0.05390625
0 0.23515625 0.734375 0.03671875 0.04765625
0 0.3125 0.728125 0.0390625 0.053125
0 0.31875 0.6546875 0.0515625 0.0453125
0 0.2625 0.890625 0.0328125 0.053125
0 0.29765625 0.89375 0.03671875 0.0640625
0 0.38515625 0.6203125 0.0328125 0.03359375
0 0.4875 0.63046875 0.028125 0.059375
0 0.53515625 0.6171875 0.03359375 0.0359375
0 0.5765625 0.57890625 0.05 0.05859375
0 0.5828125 0.69140625 0.034375 0.0515625
0 0.63203125 0.72421875 0.053125 0.0640625
0 0.60859375 0.6296875 0.025 0.05703125
0 0.62109375 0.5625 0.03203125 0.05625
0 0.6515625 0.60625 0.046875 0.06015625
0 0.409375 0.85546875 0.04140625 0.04921875
0 0.73828125 0.65234375 0.03359375 0.05390625
0 0.740625 0.5734375 0.05703125 0.05625
0 0.73203125 0.5140625 0.04609375 0.06328125
0 0.790625 0.55703125 0.03203125 0.05546875
0 0.7796875 0.47890625 0.04453125 0.059375
0 0.82109375 0.4828125 0.046875 0.05
0 0.84765625 0.553125 0.046875 0.0421875
0 0.8828125 0.5140625 0.04140625 0.04140625
0 0.8984375 0.44375 0.04609375 0.0390625
0 0.92421875 0.5171875 0.03046875 0.05078125
0 0.95625 0.65703125 0.04453125 0.0765625
0 0.96640625 0.571875 0.034375 0.040625
0 0.9703125 0.51640625 0.0515625 0.0546875
0 0.96953125 0.45703125 0.04609375 0.06015625
0 0.98125 0.37890625 0.0375 0.06953125
0 0.98359375 0.62578125 0.02890625 0.06796875
1 0.9171875 0.8984375 0.02578125 0.05078125
0 0.91640625 0.83515625 0.0375 0.05703125
0 0.98984375 0.8046875 0.01953125 0.05390625
0 0.98125 0.7390625 0.0375 0.05703125