0 0.28515625 0.41015625 0.06015625 0.04765625
1 0.3828125 0.403125 0.09453125 0.08671875
0 0.48515625 0.1359375 0.05 0.05703125
0 0.4421875 0.07734375 0.07109375 0.08203125
0 0.51875 0.07734375 0.05 0.05625
0 0.54140625 0.11796875 0.05078125 0.0609375
1 0.56171875 0.065625 0.0328125 0.0625
1 0.58203125 0.0640625 0.034375 0.0609375
0 0.65078125 0.08515625 0.05078125 0.0484375
1 0.740625 0.0203125 0.0625 0.040625
0 0.57578125 0.23359375 0.08359375 0.0828125
0 0.659375 0.27734375 0.0765625 0.08125
1 0.66875 0.1828125 0.0546875 0.0921875
1 0.6421875 0.15625 0.03828125 0.06640625
1 0.71484375 0.17890625 0.0265625 0.053125
0 0.7453125 0.13046875 0.0515625 0.04609375
0 0.7890625 0.15625 0.05 0.0484375
1 0.7875 0.0828125 0.065625 0.0625
1 0.828125 0.03828125 0.0609375 0.05859375
1 0.82109375 0.32421875 0.07421875 0.1125
1 0.85625 0.20390625 0.0546875 0.071875
1 0.8453125 0.1328125 0.0546875 0.05546875
1 0.89921875 0.11953125 0.0390625 0.08203125
1 0.89140625 0.02578125 0.04453125 0.0515625
1 0.9328125 0.021875 0.053125 0.04375
1 0.93984375 0.178125 0.0578125 0.109375
1 0.98125 0.13828125 0.0375 0.1015625
1 0.9921875 0.04921875 0.01484375 0.09765625
1 0.765625 0.94375 0.07890625 0.0921875
1 0.953125 0.34609375 0.0390625 0.03984375
1 0.9765625 0.30390625 0.03203125 0.04921875
1 0.98125 0.24765625 0.0375 0.065625
0 0.0375 0.61796875 0.065625 0.075
0 0.140625 0.51953125 0.053125 0.07890625
0 0.21484375 0.47578125 0.071875 0.06640625
0 0.15625 0.39765625 0.09296875 0.084375
0 0.0453125 0.45078125 0.0625 0.0703125
0 0.45390625 0.43203125 0.04453125 0.07265625
1 0.7203125 0.43359375 0.05546875 0.09375
1 0.940625 0.5359375 0.05 0.0890625
0 0.72421875 0.678125 0.0640625 0.109375
0 0.73359375 0.590625 0.0421875 0.0375
0 0.7796875 0.69921875 0.05 0.0671875
0 0.809375 0.63125 0.059375 0.065625
0 0.80078125 0.5671875 0.046875 0.0625
0 0.83828125 0.5046875 0.05078125 0.0484375
1 0.921875 0.4640625 0.065625 0.06171875
0 0.33046875 0.76875 0.04453125 0.103125
0 0.4390625 0.6578125 0.05234375 0.06015625
0 0.47890625 0.584375 0.05546875 0.08203125
0 0.565625 0.59921875 0.04609375 0.07265625
0 0.65390625 0.646875 0.065625 0.078125
0 0.6734375 0.57890625 0.04765625 0.05390625
0 0.47890625 0.50546875 0.05078125 0.0640625
0 0.54921875 0.3125 0.053125 0.08359375
0 0.21953125 0.36328125 0.03125 0.06015625
0 0.0609375 0.9640625 0.096875 0.071875
0 0.04609375 0.89765625 0.0640625 0.0625
0 0.1078125 0.83203125 0.0546875 0.096875
0 0.10390625 0.765625 0.0734375 0.0703125
0 0.18125 0.71015625 0.0578125 0.08046875
0 0.16796875 0.62890625 0.04921875 0.0828125
0 0.253125 0.7109375 0.05 0.0859375
0 0.23515625 0.61796875 0.04609375 0.0609375
0 0.1296875 0.94140625 0.06171875 0.0609375
0 0.196875 0.96875 0.05390625 0.06171875
0 0.225 0.89296875 0.08359375 0.07109375
0 0.259375 0.8109375 0.040625 0.06796875
0 0.2453125 0.96328125 0.0515625 0.0640625
0 0.34609375 0.9734375 0.075 0.053125
0 0.3203125 0.9125 0.03671875 0.06875
0 0.37421875 0.828125 0.04296875 0.09375
0 0.42734375 0.9484375 0.0734375 0.103125
0 0.446875 0.83046875 0.071875 0.0796875
0 0.5296875 0.72890625 0.05 0.1
0 0.52421875 0.96796875 0.075 0.0640625
0 0.6515625 0.925 0.06015625 0.0859375
0 0.61328125 0.8734375 0.06484375 0.071875
0 0.59375 0.80078125 0.04375 0.0703125
0 0.61796875 0.7140625 0.05625 0.0578125
0 0.6015625 0.396875 0.06796875 0.1
0 0.7421875 0.50859375 0.05390625 0.065625
1 0.984375 0.5953125 0.03046875 0.1234375
0 0.7328125 0.84296875 0.040625 0.06484375
0 0.8 0.86328125 0.04140625 0.05234375
0 0.78828125 0.7953125 0.06171875 0.0671875
0 0.878125 0.96875 0.0671875 0.06171875
0 0.86484375 0.90234375 0.05859375 0.07109375
0 0.93515625 0.971875 0.0578125 0.05625
0 0.96875 0.93671875 0.06171875 0.08125
0 0.96328125 0.85234375 0.06875 0.05234375
1 0.7953125 0.4640625 0.05859375 0.08359375