0 0.64453125 0.06484375 0.046875 0.07109375
1 0.759375 0.05234375 0.0796875 0.09921875
1 0.38984375 0.58203125 0.090625 0.096875
1 0.0203125 0.7125 0.040625 0.03984375
1 0.059375 0.6359375 0.0515625 0.0609375
0 0.76015625 0.67265625 0.0328125 0.059375
1 0.8125 0.64609375 0.0609375 0.05859375
1 0.80234375 0.5296875 0.07265625 0.06328125
0 0.7421875 0.4859375 0.05859375 0.06484375
1 0.8375 0.49140625 0.053125 0.06171875
1 0.91875 0.5390625 0.10078125 0.08125
1 0.934375 0.4703125 0.059375 0.078125
0 0.36328125 0.9765625 0.04765625 0.04609375
0 0.4109375 0.97890625 0.03515625 0.0421875
0 0.4625 0.984375 0.03515625 0.03046875
0 0.5171875 0.91328125 0.0375 0.0578125
1 0.57578125 0.9265625 0.05234375 0.065625
0 0.6640625 0.965625 0.06796875 0.06875
0 0.6578125 0.90546875 0.06953125 0.046875
0 0.54765625 0.8640625 0.03671875 0.05234375
1 0.6375 0.8390625 0.03203125 0.07890625
1 0.6765625 0.81796875 0.05703125 0.08984375
1 0.71328125 0.8 0.03359375 0.05
1 0.73125 0.9796875 0.078125 0.040625
1 0.78984375 0.915625 0.05625 0.04453125
1 0.828125 0.9484375 0.04765625 0.046875
0 0.74453125 0.86015625 0.04609375 0.0453125
1 0.85 0.859375 0.05625 0.0609375
0 0.78828125 0.83203125 0.0484375 0.0515625
1 0.8609375 0.790625 0.08203125 0.06640625
1 0.85703125 0.984375 0.03046875 0.03046875
1 0.90078125 0.9640625 0.0390625 0.071875
1 0.865625 0.94140625 0.03828125 0.0609375
1 0.896875 0.871875 0.0421875 0.08203125
1 0.98984375 0.94609375 0.01953125 0.10546875
1 0.98125 0.85234375 0.0375 0.0921875
0 0.9421875 0.79453125 0.0359375 0.05234375
1 0.984375 0.7453125 0.03046875 0.08828125
1 0.97734375 0.6796875 0.034375 0.04140625
1 0.94296875 0.971875 0.0484375 0.05625
0 0.59375 0.60546875 0.0578125 0.08984375
1 0.71875 0.5546875 0.03984375 0.059375
0 0.05625 0.1 0.0546875 0.065625
0 0.1390625 0.05234375 0.0578125 0.05390625
0 0.17265625 0.36171875 0.05 0.084375
0 0.1828125 0.2875 0.05234375 0.065625
0 0.2625 0.17890625 0.06015625 0.07578125
0 0.24375 0.103125 0.06640625 0.0625
0 0.25625 0.03203125 0.06171875 0.0625
0 0.1 0.21953125 0.08828125 0.07265625
0 0.046875 0.3734375 0.0703125 0.08984375
0 0.25859375 0.28828125 0.0390625 0.0671875
0 0.04375 0.54765625 0.0734375 0.07734375
0 0.14296875 0.4640625 0.053125 0.06953125
0 0.1453125 0.5953125 0.0625 0.08203125
0 0.22109375 0.5125 0.075 0.07734375
0 0.3328125 0.08828125 0.0484375 0.0953125
0 0.415625 0.04296875 0.08515625 0.0796875
0 0.53203125 0.0296875 0.06796875 0.059375
0 0.33359375 0.23203125 0.04609375 0.115625
0 0.38046875 0.1921875 0.05 0.04453125
0 0.3796875 0.14609375 0.04375 0.05078125
0 0.45 0.15859375 0.06796875 0.06640625
0 0.4484375 0.3453125 0.03828125 0.078125
0 0.52734375 0.26328125 0.04453125 0.075
0 0.6078125 0.12890625 0.05859375 0.0609375
0 0.73671875 0.14921875 0.03984375 0.0484375
0 0.725 0.3015625 0.04296875 0.07578125
0 0.803125 0.425 0.0390625 0.05859375
0 0.80078125 0.36015625 0.05546875 0.059375
0 0.78203125 0.29140625 0.05 0.06875
0 0.7875 0.20234375 0.05234375 0.0640625
0 0.809375 0.128125 0.03359375 0.0453125
0 0.86484375 0.0921875 0.090625 0.0765625
0 0.878125 0.0296875 0.0578125 0.059375
0 0.9359375 0.02734375 0.04921875 0.05390625
0 0.9625 0.146875 0.053125 0.075
0 0.96796875 0.075 0.0640625 0.07265625
0 0.55625 0.7609375 0.04453125 0.06953125
0 0.6671875 0.715625 0.03984375 0.06953125
0 0.45703125 0.56171875 0.04296875 0.078125
0 0.48671875 0.4953125 0.04765625 0.0609375
0 0.478125 0.415625 0.04375 0.0703125
0 0.565625 0.48828125 0.0640625 0.078125
0 0.56953125 0.39609375 0.04921875 0.059375
0 0.63359375 0.2796875 0.046875 0.04921875
0 0.6515625 0.3390625 0.0390625 0.0515625
0 0.88359375 0.353125 0.0390625 0.0625
0 0.68359375 0.41796875 0.03203125 0.0625
0 0.7453125 0.396875 0.03828125 0.06484375
0 0.26953125 0.59609375 0.078125 0.06640625
0 0.32265625 0.55703125 0.03671875 0.059375
0 0.55234375 0.67578125 0.0453125 0.08203125
0 0.3984375 0.93203125 0.028125 0.059375
0 0.4265625 0.76953125 0.05703125 0.05546875