0 0.01875 0.89609375 0.03671875 0.11640625
1 0.08671875 0.8875 0.0390625 0.1359375
0 0.04453125 0.590625 0.0890625 0.1125
0 0.01875 0.50546875 0.03671875 0.06796875
0 0.10546875 0.44140625 0.040625 0.06015625
0 0.1640625 0.52734375 0.05 0.08515625
0 0.25625 0.6453125 0.06875 0.08046875
1 0.05234375 0.76796875 0.1046875 0.07109375
0 0.08515625 0.696875 0.053125 0.08515625
0 0.14140625 0.88671875 0.05859375 0.10625
0 0.0265625 0.9765625 0.053125 0.04609375
1 0.02890625 0.26484375 0.0578125 0.1046875
1 0.0171875 0.05078125 0.034375 0.1015625
1 0.0625 0.121875 0.0703125 0.1171875
1 0.046875 0.02421875 0.0265625 0.04375
1 0.08984375 0.025 0.071875 0.05
1 0.15078125 0.0078125 0.0421875 0.015625
1 0.11171875 0.3734375 0.053125 0.08125
1 0.1015625 0.2890625 0.05546875 0.0640625
1 0.125 0.22890625 0.0625 0.06796875
1 0.1203125 0.14296875 0.0515625 0.09296875
1 0.19921875 0.1265625 0.0578125 0.04296875
1 0.18828125 0.059375 0.05390625 0.078125
1 0.2203125 0.0265625 0.075 0.053125
1 0.2609375 0.12421875 0.05625 0.06953125
1 0.2921875 0.0484375 0.05703125 0.07421875
1 0.3234375 0.14453125 0.04765625 0.0609375
1 0.35859375 0.1 0.04609375 0.05703125
1 0.39609375 0.0578125 0.04140625 0.06640625
0 0.3390625 0.03046875 0.034375 0.0609375
1 0.390625 0.01015625 0.04375 0.0203125
0 0.48984375 0.08203125 0.040625 0.05078125
0 0.53203125 0.0828125 0.04921875 0.04453125
0 0.4453125 0.0453125 0.040625 0.06328125
1 0.54765625 0.03828125 0.05390625 0.040625
0 0.76484375 0.17421875 0.05546875 0.08828125
1 0.84921875 0.09453125 0.05390625 0.06796875
1 0.0265625 0.1625 0.053125 0.07890625
1 0.18359375 0.26171875 0.053125 0.0625
1 0.16484375 0.18828125 0.04765625 0.0765625
1 0.153125 0.29921875 0.04609375 0.0484375
0 0.18984375 0.44609375 0.05390625 0.06953125
1 0.2015625 0.35078125 0.053125 0.053125
1 0.225 0.3234375 0.04765625 0.096875
1 0.27109375 0.228125 0.06328125 0.1296875
1 0.384375 0.2046875 0.071875 0.05546875
1 0.41328125 0.171875 0.05390625 0.075
1 0.503125 0.425 0.05 0.05
1 0.32578125 0.58359375 0.07890625 0.08671875
1 0.7453125 0.96953125 0.053125 0.0609375
1 0.8109375 0.81328125 0.040625 0.08515625
0 0.68515625 0.30390625 0.0609375 0.0671875
0 0.76015625 0.28359375 0.04609375 0.065625
0 0.2375 0.4015625 0.0375 0.05703125
0 0.36484375 0.3296875 0.040625 0.059375
0 0.23671875 0.75546875 0.05703125 0.06796875
0 0.3359375 0.71484375 0.059375 0.103125
0 0.96171875 0.2640625 0.0390625 0.10390625
0 0.52109375 0.23203125 0.0671875 0.0875
0 0.60546875 0.240625 0.04921875 0.0734375
0 0.6625 0.1421875 0.0484375 0.04140625
0 0.6171875 0.0484375 0.05 0.0875
0 0.6890625 0.08984375 0.034375 0.03515625
0 0.66015625 0.45390625 0.04296875 0.071875
0 0.78359375 0.4046875 0.04921875 0.0625
0 0.85859375 0.37421875 0.06015625 0.09140625
0 0.53125 0.4921875 0.03984375 0.059375
0 0.60859375 0.459375 0.05625 0.08203125
0 0.77890625 0.5421875 0.08359375 0.065625
1 0.896875 0.70234375 0.0734375 0.0640625
0 0.34296875 0.85078125 0.05546875 0.0984375
0 0.43515625 0.34765625 0.0390625 0.08359375
0 0.49140625 0.365625 0.0484375 0.05546875
0 0.54765625 0.32578125 0.05 0.05625
0 0.40546875 0.66015625 0.0734375 0.10078125
0 0.4765625 0.6921875 0.05546875 0.1015625
1 0.475 0.240625 0.04765625 0.05625