0 0.2265625 0.0203125 0.059375 0.040625
1 0.296875 0.03203125 0.0484375 0.0640625
1 0.340625 0.03203125 0.03203125 0.0640625
1 0.378125 0.0453125 0.04140625 0.059375
1 0.03203125 0.51796875 0.0640625 0.1796875
1 0.0703125 0.78984375 0.07265625 0.09609375
0 0.0234375 0.7203125 0.04140625 0.06953125
1 0.08671875 0.696875 0.07890625 0.10703125
1 0.0984375 0.61640625 0.04453125 0.075
0 0.37265625 0.7796875 0.05703125 0.09453125
1 0.43984375 0.7234375 0.06171875 0.05703125
1 0.478125 0.51875 0.04921875 0.07265625
1 0.3640625 0.44453125 0.03515625 0.0796875
0 0.40078125 0.1078125 0.02890625 0.059375
0 0.4421875 0.115625 0.0359375 0.065625
0 0.4234375 0.21640625 0.0421875 0.04296875
0 0.48125 0.1546875 0.0328125 0.0765625
0 0.534375 0.1671875 0.03671875 0.0515625
1 0.52890625 0.08671875 0.06171875 0.0796875
0 0.58671875 0.20625 0.0296875 0.04140625
0 0.58125 0.15546875 0.040625 0.0640625
1 0.5875 0.0828125 0.040625 0.0625
0 0.54140625 0.0234375 0.05546875 0.04609375
1 0.61015625 0.01953125 0.06796875 0.0390625
1 0.6453125 0.1328125 0.05390625 0.07734375
0 0.4390625 0.41484375 0.04609375 0.0421875
0 0.471875 0.35 0.040625 0.04296875
0 0.4609375 0.3125 0.0375 0.04375
1 0.5578125 0.2875 0.03984375 0.06875
0 0.5125 0.234375 0.03359375 0.075
1 0.55625 0.23828125 0.03203125 0.0515625
0 0.70546875 0.15 0.04453125 0.0578125
0 0.71171875 0.075 0.0390625 0.06875
1 0.7171875 0.0171875 0.05 0.03359375
1 0.775 0.07734375 0.0625 0.06953125
1 0.77890625 0.01953125 0.05234375 0.0390625
1 0.8640625 0.0078125 0.09375 0.015625
1 0.86328125 0.2109375 0.06875 0.06796875
1 0.8640625 0.15234375 0.03515625 0.059375
1 0.875 0.08046875 0.05234375 0.04921875
1 0.875 0.0328125 0.05234375 0.05625
1 0.95 0.03515625 0.05625 0.0703125
1 0.64765625 0.253125 0.09296875 0.0984375
0 0.5515625 0.4546875 0.0453125 0.059375
0 0.603125 0.4890625 0.0359375 0.04765625
0 0.62109375 0.44375 0.0453125 0.0515625
1 0.6578125 0.3953125 0.046875 0.084375
0 0.6640625 0.50859375 0.05 0.06171875
0 0.72265625 0.52734375 0.03828125 0.04921875
1 0.709375 0.46171875 0.04765625 0.06953125
1 0.71171875 0.3734375 0.06484375 0.0671875
1 0.72265625 0.30703125 0.07421875 0.07265625
1 0.76640625 0.271875 0.07265625 0.1
1 0.76484375 0.3796875 0.06484375 0.06640625
0 0.65 0.63984375 0.053125 0.05625
0 0.6859375 0.67890625 0.0625 0.075
0 0.565625 0.55078125 0.05 0.07421875
0 0.62421875 0.565625 0.05078125 0.07265625
1 0.68515625 0.5796875 0.0609375 0.065625
1 0.7546875 0.47890625 0.053125 0.06015625
0 0.8453125 0.6359375 0.05546875 0.0609375
0 0.83125 0.58125 0.04609375 0.04140625
0 0.8890625 0.6 0.03515625 0.075
1 0.7921875 0.51953125 0.046875 0.0609375
0 0.8359375 0.52421875 0.0375 0.05625
0 0.87265625 0.51796875 0.03515625 0.03984375
1 0.91796875 0.5203125 0.04453125 0.04453125
1 0.5625 0.78671875 0.05625 0.07734375
1 0.62734375 0.78515625 0.04375 0.0375
1 0.97109375 0.5015625 0.04921875 0.06875
0 0.8015625 0.45546875 0.04921875 0.075
0 0.83515625 0.39921875 0.03125 0.04765625
1 0.83125 0.3375 0.05390625 0.05390625
0 0.8640625 0.4609375 0.04453125 0.0640625
0 0.89765625 0.36171875 0.05703125 0.0484375
1 0.88984375 0.3015625 0.046875 0.05390625
0 0.9421875 0.4421875 0.04375 0.05234375
1 0.959375 0.3796875 0.04765625 0.0625
1 0.9484375 0.31640625 0.04765625 0.07421875
1 0.9390625 0.25 0.05625 0.05703125
1 0.9140625 0.2171875 0.03203125 0.0765625
1 0.91796875 0.14375 0.08046875 0.0765625
0 0.0796875 0.89609375 0.05078125 0.09453125
0 0.14765625 0.8453125 0.053125 0.11796875
0 0.16875 0.73125 0.0546875 0.109375
0 0.2421875 0.72890625 0.04609375 0.08203125
0 0.26796875 0.64375 0.0625 0.059375
0 0.134375 0.228125 0.0546875 0.0796875
0 0.0421875 0.0984375 0.0390625 0.05703125
0 0.13984375 0.08359375 0.0515625 0.0765625
0 0.04453125 0.34765625 0.0609375 0.065625
0 0.12421875 0.3296875 0.04296875 0.05546875
0 0.2484375 0.26328125 0.0453125 0.06640625
0 0.228125 0.18515625 0.0453125 0.06171875
0 0.159375 0.47421875 0.06875 0.0453125
0 0.17578125 0.4265625 0.06484375 0.05390625
0 0.23203125 0.4578125 0.05234375 0.0625
0 0.2328125 0.3921875 0.0328125 0.06953125
0 0.271875 0.4171875 0.0515625 0.0734375
0 0.16953125 0.590625 0.0484375 0.06484375
0 0.2359375 0.578125 0.065625 0.09375
0 0.3 0.5859375 0.05546875 0.071875
0 0.32890625 0.68125 0.05859375 0.0984375
0 0.2375 0.84765625 0.0453125 0.08359375
0 0.28125 0.83203125 0.053125 0.07890625
0 0.2734375 0.97421875 0.04140625 0.05078125
0 0.2921875 0.9265625 0.053125 0.0578125
0 0.33828125 0.86796875 0.0546875 0.05703125
0 0.40546875 0.88671875 0.0515625 0.0671875
0 0.46796875 0.871875 0.0421875 0.06015625
0 0.471875 0.80234375 0.05859375 0.07734375
0 0.521875 0.93359375 0.03359375 0.0546875
0 0.5953125 0.96328125 0.0609375 0.0734375
0 0.6484375 0.89609375 0.06328125 0.06875
0 0.7140625 0.85390625 0.07421875 0.0421875
0 0.8140625 0.88671875 0.0640625 0.0765625
0 0.8453125 0.96796875 0.05078125 0.0640625
0 0.95078125 0.953125 0.09765625 0.09296875
0 0.9765625 0.87109375 0.04609375 0.09375
0 0.78203125 0.81796875 0.06328125 0.08984375
0 0.5203125 0.521875 0.0359375 0.06484375
0 0.409375 0.3390625 0.03671875 0.06953125
0 0.4140625 0.45390625 0.0375 0.06796875
0 0.48125 0.03125 0.046875 0.0484375
0 0.98984375 0.196875 0.01953125 0.05703125
1 0.9484375 0.671875 0.02578125 0.075
0 0.98203125 0.63828125 0.03515625 0.05625
0 0.984375 0.5609375 0.03046875 0.05390625
0 0.76015625 0.57890625 0.0421875 0.04609375
0 0.9796875 0.4265625 0.040625 0.059375
0 0.459375 0.4578125 0.03359375 0.04921875
0 0.5265625 0.3796875 0.05234375 0.0484375