1 0.0640625 0.0359375 0.05625 0.071875
0 0.0125 0.40859375 0.0203125 0.0578125
0 0.046875 0.54140625 0.034375 0.05
0 0.05625 0.45390625 0.04375 0.06796875
1 0.03671875 0.3765625 0.0328125 0.05078125
1 0.01484375 0.35390625 0.01953125 0.03203125
1 0.0484375 0.3234375 0.0375 0.03515625
1 0.05 0.30546875 0.0453125 0.02890625
1 0.0359375 0.28671875 0.0265625 0.0234375
1 0.01875 0.2609375 0.0328125 0.03515625
1 0.0765625 0.2125 0.053125 0.071875
0 0.00625 0.1875 0.0125 0.053125
0 0.0390625 0.184375 0.03203125 0.05
0 0.034375 0.15078125 0.040625 0.0375
1 0.08828125 0.14296875 0.06484375 0.075
1 0.05546875 0.24453125 0.0484375 0.0640625
1 0.134375 0.20546875 0.0546875 0.075
1 0.12578125 0.1453125 0.01875 0.053125
1 0.13515625 0.06796875 0.04609375 0.0640625
1 0.1234375 0.02265625 0.03125 0.04453125
1 0.10703125 0.00625 0.02109375 0.0125
1 0.14921875 0.00703125 0.025 0.0140625
1 0.15859375 0.1421875 0.03125 0.04765625
1 0.22265625 0.07109375 0.078125 0.065625
1 0.21875 0.01640625 0.046875 0.0328125
1 0.28515625 0.07109375 0.025 0.065625
1 0.2859375 0.01015625 0.04453125 0.01953125
1 0.2859375 0.196875 0.0265625 0.05703125
0 0.29765625 0.14453125 0.03203125 0.04296875
1 0.35546875 0.1359375 0.040625 0.075
1 0.3546875 0.08515625 0.0390625 0.03046875
1 0.33984375 0.05625 0.0265625 0.04453125
1 0.3921875 0.0125 0.05625 0.025
0 0.10390625 0.365625 0.0515625 0.0515625
1 0.10703125 0.31015625 0.05625 0.0515625
1 0.190625 0.21328125 0.028125 0.0453125
1 0.2265625 0.2671875 0.059375 0.07734375
1 0.22109375 0.209375 0.03125 0.0421875
0 0.34609375 0.640625 0.053125 0.0703125
0 0.44296875 0.53828125 0.0375 0.04453125
1 0.5296875 0.5078125 0.06328125 0.0734375
0 0.44375 0.78046875 0.05703125 0.08671875
0 0.48125 0.92890625 0.06484375 0.06171875
0 0.534375 0.875 0.040625 0.07109375
0 0.53125 0.80703125 0.065625 0.0828125
1 0.559375 0.725 0.046875 0.0609375
0 0.2875 0.85390625 0.05234375 0.05
1 0.3671875 0.78125 0.028125 0.04453125
0 0.54296875 0.44921875 0.02734375 0.040625
0 0.59453125 0.4453125 0.059375 0.0734375
1 0.6390625 0.434375 0.03515625 0.06796875
0 0.859375 0.85234375 0.04765625 0.128125
0 0.8421875 0.75546875 0.0578125 0.071875
1 0.8328125 0.68046875 0.02578125 0.0609375
1 0.921875 0.6921875 0.08359375 0.10234375
0 0.8421875 0.603125 0.0578125 0.07578125
1 0.909375 0.61875 0.0546875 0.08046875
1 0.96015625 0.56015625 0.03515625 0.04375
1 0.971875 0.5140625 0.0546875 0.07578125
1 0.984375 0.4484375 0.03046875 0.0609375
1 0.98671875 0.58125 0.0265625 0.0671875
0 0.228125 0.58125 0.03515625 0.07734375
1 0.3171875 0.56953125 0.053125 0.0796875
0 0.0125 0.62890625 0.02421875 0.07421875
0 0.01328125 0.5546875 0.0265625 0.059375
1 0.01875 0.4953125 0.03671875 0.0484375
0 0.0578125 0.59609375 0.03359375 0.04765625
1 0.075 0.50546875 0.03359375 0.04609375
0 0.09296875 0.67734375 0.03359375 0.04609375
0 0.1140625 0.5984375 0.0390625 0.075
0 0.1171875 0.51015625 0.04609375 0.05078125
0 0.13359375 0.4609375 0.05625 0.06015625
0 0.1671875 0.38515625 0.03515625 0.05078125
1 0.16640625 0.32578125 0.05546875 0.05234375
0 0.1640625 0.51484375 0.0375 0.05625
0 0.19296875 0.44765625 0.0453125 0.09453125
0 0.2140625 0.5203125 0.0484375 0.053125
1 0.25390625 0.475 0.05546875 0.0609375
0 0.2734375 0.521875 0.0375 0.06015625
1 0.2953125 0.4515625 0.05390625 0.08046875
1 0.4125 0.1953125 0.02421875 0.0375
0 0.4140625 0.14375 0.04609375 0.059375
1 0.41015625 0.071875 0.03828125 0.053125
1 0.51875 0.03125 0.05 0.05234375
0 0.378125 0.4328125 0.05 0.04296875
0 0.39140625 0.39296875 0.040625 0.075
0 0.38359375 0.3125 0.025 0.06171875
0 0.4875 0.221875 0.04140625 0.071875
0 0.47578125 0.15703125 0.03984375 0.05
0 0.52109375 0.140625 0.028125 0.06953125
0 0.5640625 0.11015625 0.04609375 0.0625
0 0.603125 0.09765625 0.03515625 0.05546875
1 0.62578125 0.03046875 0.05 0.05078125
1 0.6546875 0.0328125 0.0375 0.065625
1 0.23984375 0.3765625 0.05078125 0.0609375
1 0.33984375 0.38828125 0.03671875 0.08828125
1 0.3390625 0.28203125 0.05625 0.05390625
1 0.4484375 0.28125 0.03828125 0.06640625
1 0.28125 0.303125 0.05703125 0.0734375
1 0.3390625 0.23125 0.04296875 0.05546875
1 0.37734375 0.2328125 0.04765625 0.059375
1 0.44375 0.22734375 0.0390625 0.05625
1 0.29296875 0.36796875 0.05859375 0.0609375
1 0.25625 0.21796875 0.03359375 0.0328125
1 0.4765625 0.0765625 0.04609375 0.071875
1 0.0484375 0.6765625 0.0515625 0.071875
1 0.45625 0.0125 0.04609375 0.025
0 0.53125 0.4015625 0.03515625 0.04765625
0 0.534375 0.35546875 0.040625 0.05
0 0.54296875 0.303125 0.04921875 0.04375
0 0.584375 0.21171875 0.03359375 0.0515625
0 0.15 0.634375 0.040625 0.06328125
1 0.71328125 0.0328125 0.0703125 0.065625
0 0.74296875 0.115625 0.03828125 0.0609375
0 0.78125 0.01796875 0.05703125 0.0359375
0 0.71875 0.409375 0.04375 0.071875
0 0.7359375 0.321875 0.0875 0.075
0 0.76796875 0.26015625 0.05234375 0.0546875
0 0.7765625 0.184375 0.05625 0.05625
0 0.80546875 0.11484375 0.04765625 0.06328125
0 0.8578125 0.14140625 0.05390625 0.071875
0 0.87421875 0.0609375 0.06015625 0.071875
0 0.88515625 0.23125 0.05 0.0953125
0 0.915625 0.1453125 0.0453125 0.0703125
0 0.93828125 0.25859375 0.05 0.07890625
0 0.97109375 0.1609375 0.0484375 0.0671875
0 0.9640625 0.09140625 0.06015625 0.096875
1 0.7734375 0.5546875 0.0546875 0.10859375
0 0.765625 0.4640625 0.0484375 0.075
0 0.76875 0.384375 0.05 0.075
0 0.84375 0.48125 0.05703125 0.07734375
0 0.81953125 0.421875 0.0484375 0.0609375
0 0.8875 0.3265625 0.03359375 0.06796875
0 0.94140625 0.425 0.0296875 0.05859375
0 0.16875 0.58359375 0.04296875 0.05078125
0 0.33046875 0.5109375 0.05234375 0.0609375
0 0.37734375 0.55 0.03984375 0.05
0 0.39609375 0.49140625 0.04140625 0.05703125
0 0.44453125 0.46875 0.03125 0.05625
1 0.4296875 0.40546875 0.0421875 0.06484375
1 0.47578125 0.37421875 0.03984375 0.0734375
0 0.5625 0.403125 0.034375 0.059375
0 0.59609375 0.340625 0.03515625 0.07734375
0 0.62890625 0.78203125 0.05546875 0.08984375
0 0.671875 0.684375 0.0578125 0.10390625
0 0.69921875 0.58671875 0.05 0.0875
0 0.74453125 0.65625 0.08125 0.08828125
0 0.71796875 0.82890625 0.05546875 0.071875
0 0.76875 0.740625 0.040625 0.0875
0 0.16796875 0.77890625 0.05859375 0.053125
1 0.0109375 0.96015625 0.021875 0.0765625
0 0.02265625 0.871875 0.03984375 0.0859375
0 0.0734375 0.93828125 0.0703125 0.07734375
0 0.153125 0.94765625 0.0640625 0.09921875
0 0.21328125 0.96640625 0.03671875 0.06640625
1 0.253125 0.971875 0.034375 0.05625
0 0.20390625 0.8890625 0.04453125 0.05
0 0.228125 0.7921875 0.0453125 0.065625
0 0.31171875 0.96328125 0.06015625 0.0734375
0 0.371875 0.896875 0.05546875 0.05234375
0 0.4171875 0.96796875 0.05703125 0.0640625
0 0.59765625 0.88359375 0.046875 0.06953125
0 0.6609375 0.86328125 0.04453125 0.05234375
0 0.7625 0.85078125 0.05546875 0.08046875
0 0.7265625 0.971875 0.06875 0.05625
0 0.92421875 0.87890625 0.053125 0.13984375
1 0.9609375 0.79375 0.07734375 0.0734375
1 0.97578125 0.96796875 0.0359375 0.0640625